0.000000 
0.969211 
0.997368 
1.000000 
1.000000 
1.000000 
1.000000 
1.000000 
1.000000 
1.000000 
1.000000 
1.000000 
1.000000 
1.000000 
1.000000 
1.000000 
1.000000 
1.000000 
1.000000 
1.000000 
1.000000 
1.000000 
1.000000 
1.000000 
1.000000 
1.000000 
1.000000 
1.000000 
1.000000 
1.000000 
1.000000 
1.000000 
1.000000 
1.000000 
1.000000 
1.000000 
1.000000 
1.000000 
1.000000 
1.000000 
1.000000 
1.000000 
1.000000 
1.000000 
1.000000 
1.000000 
1.000000 
1.000000 
1.000000 
1.000000 
1.000000 
1.000000 
1.000000 
1.000000 
1.000000 
1.000000 
1.000000 
1.000000 
1.000000 
1.000000 
1.000000 
1.000000 
1.000000 
1.000000 
1.000000 
1.000000 
1.000000 
1.000000 
1.000000 
1.000000 
1.000000 
1.000000 
1.000000 
1.000000 
1.000000 
1.000000 
1.000000 
1.000000 
1.000000 
1.000000 
1.000000 
1.000000 
1.000000 
1.000000 
1.000000 
1.000000 
1.000000 
1.000000 
1.000000 
1.000000 
1.000000 
1.000000 
1.000000 
1.000000 
1.000000 
1.000000 
1.000000 
1.000000 
1.000000 
1.000000 
1.000000 
