0.000000 
0.000000 
0.000000 
0.000000 
0.000000 
0.000000 
0.000000 
0.000000 
0.000000 
0.000000 
0.000000 
0.000000 
0.000000 
0.000000 
0.003684 
0.035789 
0.102368 
0.184211 
0.234211 
0.270526 
0.330000 
0.399474 
0.446579 
0.472105 
0.554737 
0.618684 
0.676053 
0.718684 
0.745000 
0.769737 
0.789211 
0.815789 
0.841053 
0.862368 
0.875263 
0.888158 
0.903421 
0.914474 
0.945789 
0.949737 
0.959737 
0.977895 
0.986053 
0.995526 
0.997368 
0.998158 
0.998421 
0.998947 
0.999474 
0.999474 
0.999474 
0.999474 
0.999474 
0.999474 
1.000000 
1.000000 
1.000000 
1.000000 
1.000000 
1.000000 
1.000000 
1.000000 
1.000000 
1.000000 
1.000000 
1.000000 
1.000000 
1.000000 
1.000000 
1.000000 
1.000000 
1.000000 
1.000000 
1.000000 
1.000000 
1.000000 
1.000000 
1.000000 
1.000000 
1.000000 
1.000000 
1.000000 
1.000000 
1.000000 
1.000000 
1.000000 
1.000000 
1.000000 
1.000000 
1.000000 
1.000000 
1.000000 
1.000000 
1.000000 
1.000000 
1.000000 
1.000000 
1.000000 
1.000000 
1.000000 
1.000000 
