0.000000 
0.000000 
0.000000 
0.000000 
0.000000 
0.044211 
0.298947 
0.473947 
0.585526 
0.664474 
0.717632 
0.773158 
0.807368 
0.820789 
0.835789 
0.850263 
0.860263 
0.867105 
0.869211 
0.873158 
0.875789 
0.877895 
0.878947 
0.879211 
0.879737 
0.879737 
0.881316 
0.883947 
0.888421 
0.895526 
0.904474 
0.908421 
0.911053 
0.914474 
0.917895 
0.920263 
0.922368 
0.924211 
0.925263 
0.927105 
0.930526 
0.932105 
0.935000 
0.938158 
0.940000 
0.941579 
0.941579 
0.942632 
0.944211 
0.946053 
0.950263 
0.954211 
0.958158 
0.960526 
0.961579 
0.962368 
0.964211 
0.966316 
0.969737 
0.972895 
0.976053 
0.978421 
0.979474 
0.980000 
0.980000 
0.980000 
0.980000 
0.980263 
0.981579 
0.983158 
0.984737 
0.987105 
0.988684 
0.989737 
0.990000 
0.990000 
0.990000 
0.990526 
0.992105 
0.995000 
0.996842 
0.998947 
1.000000 
1.000000 
1.000000 
1.000000 
1.000000 
1.000000 
1.000000 
1.000000 
1.000000 
1.000000 
1.000000 
1.000000 
1.000000 
1.000000 
1.000000 
1.000000 
1.000000 
1.000000 
1.000000 
