0.000000 
0.000000 
0.000000 
0.000000 
0.000000 
0.000000 
0.000000 
0.000000 
0.000000 
0.000000 
0.000000 
0.000000 
0.000000 
0.000000 
0.000000 
0.000000 
0.000000 
0.000000 
0.000000 
0.000000 
0.000000 
0.000000 
0.000000 
0.000000 
0.000000 
0.000000 
0.000000 
0.000000 
0.000256 
0.002051 
0.005128 
0.007692 
0.015385 
0.024872 
0.036667 
0.046923 
0.057179 
0.068974 
0.078718 
0.087179 
0.094615 
0.100513 
0.108205 
0.113590 
0.116923 
0.123077 
0.125897 
0.131026 
0.135385 
0.139744 
0.146154 
0.150256 
0.156667 
0.160769 
0.166923 
0.175641 
0.181795 
0.190513 
0.198718 
0.207436 
0.217692 
0.228718 
0.236410 
0.247436 
0.255641 
0.267179 
0.277436 
0.289487 
0.299487 
0.309487 
0.320000 
0.330256 
0.342051 
0.352821 
0.362564 
0.375641 
0.389231 
0.404615 
0.417436 
0.432051 
0.448462 
0.466154 
0.484359 
0.504359 
0.523590 
0.549487 
0.572051 
0.598462 
0.632308 
0.669231 
0.700256 
0.739744 
0.780000 
0.824872 
0.860769 
0.902051 
0.931282 
0.958462 
0.980000 
0.991282 
1.000000 
