0.000000 
0.000000 
0.000000 
0.000000 
0.000000 
0.000000 
0.000000 
0.000000 
0.000000 
0.000000 
0.000000 
0.000000 
0.000000 
0.000000 
0.001795 
0.014615 
0.096154 
0.240256 
0.388462 
0.500769 
0.583590 
0.652308 
0.733846 
0.824359 
0.881282 
0.915897 
0.938205 
0.953077 
0.964103 
0.973333 
0.980769 
0.985385 
0.988462 
0.990000 
0.990769 
0.992051 
0.992821 
0.993333 
0.993590 
0.993846 
0.994615 
0.994872 
0.995897 
0.995897 
0.996410 
0.996410 
0.997436 
0.998205 
0.998462 
0.998462 
0.998718 
0.998718 
0.998718 
0.998974 
0.998974 
0.999231 
0.999487 
0.999487 
0.999487 
0.999487 
0.999487 
0.999487 
0.999744 
0.999744 
0.999744 
0.999744 
0.999744 
0.999744 
0.999744 
0.999744 
0.999744 
1.000000 
1.000000 
1.000000 
1.000000 
1.000000 
1.000000 
1.000000 
1.000000 
1.000000 
1.000000 
1.000000 
1.000000 
1.000000 
1.000000 
1.000000 
1.000000 
1.000000 
1.000000 
1.000000 
1.000000 
1.000000 
1.000000 
1.000000 
1.000000 
1.000000 
1.000000 
1.000000 
1.000000 
1.000000 
1.000000 
