0.000000 
0.000000 
0.000000 
0.000000 
0.000000 
0.000000 
0.000000 
0.000000 
0.000000 
0.000000 
0.004359 
0.032308 
0.089744 
0.233077 
0.357949 
0.532051 
0.626667 
0.673333 
0.713077 
0.735897 
0.754615 
0.808462 
0.881538 
0.913333 
0.926154 
0.934615 
0.941538 
0.950513 
0.959231 
0.962051 
0.965128 
0.967179 
0.972821 
0.978205 
0.980513 
0.986410 
0.988462 
0.988974 
0.990000 
0.991282 
0.991795 
0.992821 
0.993333 
0.993590 
0.993846 
0.994103 
0.994359 
0.994615 
0.994615 
0.995128 
0.995128 
0.995128 
0.995897 
0.996667 
0.996923 
0.997179 
0.997949 
0.997949 
0.997949 
0.997949 
0.998462 
0.998718 
0.998718 
0.998974 
0.999231 
0.999231 
0.999231 
0.999231 
0.999231 
0.999487 
0.999744 
0.999744 
0.999744 
0.999744 
0.999744 
0.999744 
0.999744 
0.999744 
1.000000 
1.000000 
1.000000 
1.000000 
1.000000 
1.000000 
1.000000 
1.000000 
1.000000 
1.000000 
1.000000 
1.000000 
1.000000 
1.000000 
1.000000 
1.000000 
1.000000 
1.000000 
1.000000 
1.000000 
1.000000 
1.000000 
1.000000 
