X1 X2 X3 X4 X5 X6 X7 X8 X9 X10 X11 X12 X13 X14 X15 X16 X17 X18 X19 X20 X21 X22 X23 X24 X25 X26 X27 X28 X29 X30 X31 X32 X33 X34 X35 X36 X37 X38 X39 X40 X41 X42 X43 X44 X45 X46 X47 X48 X49 X50
0 0 0 0 0 0 0 0 0 0 0 0 0 0 0 0 0 0 0 0 0 0 0 0 0 0 0 0 0 0 0 0 0 0 0 0 0 0 0 0 0 0 0 0 0 0 0 0 0 0
0.3843821529 0.2099770623 0.3022673136 0.3876121716 0.3227065419 0.3955993634 0.3589478672 0.4046629297 0.3489964289 0.3379605745 0.3592005978 0.3963714597 0.3501393187 0.3271797012 0.4187092205 0.3873145646 0.3544982805 0.3802798778 0.3581125494 0.3784624692 0.3420319096 0.3486715682 0.3639815845 0.3840559492 0.3963240272 0.3483732644 0.3698642258 0.4071865365 0.379563608 0.3876573638 0.3603308575 0.4172994944 0.2980551907 0.3634382545 0.3782817194 0.3987845171 0.3417225638 0.3565281475 0.3976107479 0.3201561173 0.4128562081 0.3790316508 0.4062497896 0.3938548957 0.3523386071 0.2622870922 0.3322603763 0.3835339735 0.3871176801 0.3959559252
0.4410991291 0.2886034817 0.393076011 0.4278110919 0.400701793 0.4331731255 0.4240154501 0.4698753287 0.389545683 0.411297154 0.3989330565 0.4478182399 0.4130105077 0.3809048917 0.4475114026 0.4199610953 0.4147736456 0.4200657879 0.4018029897 0.4453792892 0.3917654661 0.4146486569 0.4286256018 0.4181961167 0.4359727234 0.3859633027 0.4031997509 0.4399221729 0.4224238631 0.4319580068 0.4432612616 0.4354617756 0.4016102906 0.4459475052 0.4288584085 0.4320920929 0.4175615494 0.4067665714 0.4375478075 0.3820700938 0.4416852106 0.402921482 0.4214218008 0.4416461891 0.4160270921 0.2723875768 0.417213524 0.4144441943 0.4038298397 0.4319261379
0.4484497239 0.342643573 0.4171837502 0.4529651468 0.4216183483 0.4495559239 0.4560534708 0.475770485 0.4169386988 0.4248160787 0.418593409 0.4586967196 0.4330503842 0.3963872299 0.4640289434 0.4324920743 0.4411576268 0.4404715515 0.4113881363 0.4615182915 0.4055835193 0.4336800982 0.4461267651 0.4303450402 0.4448722444 0.4126200808 0.4351752727 0.4478589323 0.4427263783 0.4459695892 0.4499059095 0.4467581819 0.4203409617 0.4671303834 0.4400659113 0.4488961874 0.4353839561 0.4225856035 0.4479238205 0.4144856775 0.4521257677 0.424557532 0.4429132027 0.4485904331 0.431751654 0.3035360132 0.4366575353 0.431472765 0.4156853854 0.4445957604
0.4643819048 0.3853120248 0.4242623848 0.4627467853 0.4244462004 0.4568569713 0.4661913089 0.4804778369 0.4359226766 0.4343908429 0.433720486 0.4665279289 0.4530414074 0.4135695532 0.4707521656 0.4417599995 0.4535128542 0.4621306322 0.4220255946 0.469906596 0.4145706667 0.4422499822 0.4577298182 0.4396893605 0.4598482739 0.4422627709 0.4428560383 0.4539409065 0.4488866094 0.4557187432 0.4537242842 0.4550641829 0.4338889694 0.4757574052 0.4463566587 0.4518654686 0.4563436774 0.436230031 0.4544852682 0.4269675914 0.458706646 0.4395810614 0.4543478018 0.4553297367 0.4488469385 0.3150720626 0.4468856779 0.443263516 0.4292737172 0.4481200451
0.4670890904 0.4038388785 0.434618075 0.4689473911 0.4324825816 0.4637704896 0.4690637186 0.4823075251 0.4507103602 0.4454714407 0.4401692245 0.4694876585 0.4607228739 0.4306021343 0.4722292262 0.4578598641 0.4638803458 0.472656347 0.437803481 0.4751486729 0.421050841 0.4538852864 0.4596475259 0.4467980471 0.4651561584 0.4535878161 0.4449222738 0.4595860958 0.4553021033 0.4572212442 0.4597449855 0.461374291 0.4387462099 0.4801625011 0.4512688076 0.4572771814 0.4615595324 0.4433458919 0.4587746152 0.4329797403 0.4705612103 0.4503369102 0.4582951891 0.459201648 0.4548810975 0.3282089156 0.4528784861 0.448936023 0.4451559556 0.4553082252
0.4751057238 0.4071135697 0.4455663841 0.4736960551 0.4339013008 0.4691738167 0.4738034088 0.4848611504 0.4590785517 0.45354863 0.4555585593 0.4734124583 0.4662360467 0.4362825486 0.4760476708 0.4618134259 0.4657822934 0.4774201777 0.4448678993 0.4804951565 0.4306817406 0.4660038761 0.4620913481 0.449995593 0.4673517487 0.4638878363 0.449514066 0.4612244054 0.4618125317 0.4640888304 0.4637573701 0.4667589853 0.4432539342 0.4814142802 0.4535961 0.4595344456 0.463675639 0.4528007667 0.4630326451 0.4401350726 0.4774829731 0.4576423308 0.4669081861 0.4617706844 0.4599894398 0.3392094439 0.4601815664 0.4563415267 0.4504253211 0.4600433759
0.4763935382 0.4157756848 0.4472500702 0.4801796295 0.4363808692 0.4703110374 0.4758650212 0.4873352809 0.4642086104 0.4566957486 0.4623245427 0.4742965157 0.4696702588 0.4433073178 0.4768602242 0.4639914597 0.4692333824 0.4810857356 0.4507041942 0.4824956454 0.4331568079 0.4672410361 0.4633898866 0.4515143682 0.4738695097 0.4703144604 0.4517749227 0.4618809287 0.4638048615 0.4656707741 0.465148583 0.4737207327 0.4445458562 0.4855786904 0.457107863 0.4628496615 0.4699007408 0.4553506011 0.4659514123 0.4436091915 0.4798414394 0.4622642508 0.4689456688 0.4644768277 0.4632422823 0.3488803454 0.4635288958 0.4598587467 0.4649821196 0.467578746
0.4806834656 0.4393186824 0.4501854302 0.4825982797 0.4377709107 0.4706178739 0.4791771569 0.4877887148 0.4664740418 0.4574686331 0.4658406194 0.4760092188 0.4717597394 0.4532636011 0.4779594941 0.4655139067 0.4709660072 0.4830899674 0.4550344501 0.4842955078 0.4337543476 0.4699642467 0.4641117816 0.4573720621 0.4777819284 0.4734793262 0.4527223939 0.463064215 0.4679774238 0.4664967466 0.4661209455 0.4754779784 0.4459811328 0.4880159767 0.4620142415 0.4635732969 0.4717509472 0.4554923198 0.4673110776 0.4447343114 0.4801718148 0.4699165454 0.4703353799 0.4711112832 0.4732571117 0.3637155152 0.4678008616 0.4673260845 0.4690154222 0.4695297681
0.482449898 0.4397090316 0.4548191867 0.4833375834 0.4415755816 0.4758136069 0.4803319733 0.4878749594 0.4676746447 0.4580300262 0.466950491 0.4769477644 0.4736156827 0.4610388801 0.4798637389 0.4663562163 0.4711893891 0.4848375931 0.459613334 0.4847188898 0.4344036799 0.4723028608 0.4653378403 0.4610343027 0.4814427622 0.4743062415 0.4545430873 0.4644851297 0.4683407286 0.4703185091 0.4670224173 0.4772855936 0.448273729 0.4881593423 0.464208887 0.4640669082 0.472799783 0.4639320696 0.4686075884 0.4478732322 0.4820453287 0.4710620643 0.4705076101 0.4716357316 0.4769160692 0.3731018828 0.4700156436 0.47147945 0.4701318651 0.4714468225
0.4828029096 0.4438525212 0.4581153628 0.4838616578 0.4439513317 0.4825793065 0.4828285772 0.489633429 0.4700773919 0.4637963274 0.4688136537 0.4777470817 0.476534459 0.464207334 0.4834222063 0.4698327254 0.4721295083 0.4873566955 0.4661865931 0.486299774 0.4381452443 0.4763183665 0.4666697648 0.4623091548 0.4826586094 0.4767580755 0.4585926387 0.4654992907 0.4712040202 0.4719546388 0.4683460505 0.4824242782 0.4501872433 0.488797756 0.4647606573 0.4647488666 0.4743746281 0.4651235158 0.4698665259 0.4491410227 0.4836340541 0.4722510612 0.4743063181 0.4729556088 0.4807976633 0.4050331998 0.4718910642 0.4779584952 0.4738067075 0.4734918369
0.4850429255 0.4457282002 0.4586301587 0.4840873321 0.4447208456 0.4827064871 0.4864918416 0.4908658331 0.4705511377 0.4669726303 0.4691409801 0.4793314988 0.4774538997 0.4672318997 0.4838996468 0.4717196051 0.4739679473 0.4880011819 0.4721469016 0.4874809552 0.4390472668 0.4773418093 0.4696521737 0.4645428396 0.4843999575 0.4778223266 0.4598577569 0.4662465046 0.4721097208 0.4761219112 0.4699420281 0.4831754015 0.4523553836 0.4890309359 0.4658371795 0.4660192932 0.476174711 0.4710667929 0.4720319503 0.4512345557 0.4848157034 0.4734353337 0.4755720068 0.4751211153 0.4839958643 0.4208456259 0.4782449421 0.4785175004 0.4755178802 0.4749103008
0.4858171786 0.4467758569 0.4607377819 0.484409239 0.4470348935 0.4850617869 0.4869961997 0.4910479741 0.4708708099 0.4682602205 0.4695446361 0.4797924579 0.4781670854 0.470767085 0.4843766732 0.4726848023 0.4763545193 0.4878638843 0.4736126861 0.4876623187 0.4435514998 0.4802904736 0.4738302724 0.4656639631 0.4850766227 0.4787334323 0.4606690663 0.4670569518 0.4730680873 0.477851673 0.4713579565 0.4838402598 0.4568707355 0.4896774529 0.4700484633 0.4668081196 0.4773901325 0.4719212698 0.4724972823 0.4529624039 0.4863012917 0.4746675299 0.4772010197 0.4753508699 0.4858195768 0.4273246143 0.4788397519 0.4830455008 0.4784720632 0.475066019
0.4871338039 0.4469316505 0.4611080384 0.4878147141 0.4472425824 0.4855069789 0.4877173943 0.4912016993 0.4714149344 0.4708587801 0.4708131509 0.4804629883 0.4792522023 0.474283999 0.484970054 0.4733196004 0.4784533102 0.4894247245 0.4772110491 0.4942411006 0.4453006535 0.482813608 0.4741143342 0.4677323088 0.4851978812 0.4792987059 0.4620207954 0.4675910883 0.4741022369 0.4780643608 0.472081025 0.484639674 0.4570452339 0.4944938862 0.4701617497 0.4712577562 0.4798270772 0.4732873746 0.4728624423 0.4531864032 0.487834486 0.4756954489 0.4787657202 0.4762140137 0.4860429672 0.4352432259 0.4825270802 0.4838579934 0.4795576058 0.4751642168
0.4871941202 0.4555115764 0.4635650577 0.4887210523 0.4499948622 0.4862671143 0.4880669403 0.4915305834 0.4728393173 0.4715777585 0.4717442889 0.4814248323 0.4797593017 0.4744748868 0.486150078 0.4746880081 0.4794307939 0.4914098399 0.479590589 0.4945211359 0.4473750058 0.4841045701 0.4760339578 0.4700538494 0.4857016155 0.4815218497 0.4629728671 0.469453595 0.4764779864 0.4807874625 0.4747603566 0.4858352961 0.4586283866 0.4947227169 0.4724188888 0.4704855012 0.4824463753 0.4820144323 0.4738318147 0.4562179874 0.4880658059 0.477154159 0.4788986877 0.4763298539 0.4861597977 0.4459357327 0.4835266564 0.4840706639 0.4798553098 0.4781536419
0.4873619217 0.4586205559 0.4650262411 0.4894738924 0.4509732708 0.4867865586 0.4895526828 0.4924467556 0.4740661281 0.4723251777 0.472673163 0.4814982871 0.4820735822 0.4787187298 0.4865420154 0.476002946 0.4865866811 0.4918174209 0.4827119594 0.4947114308 0.4475182622 0.4842254546 0.4766008546 0.4734762456 0.4942781682 0.4817702274 0.4643173403 0.4706087229 0.4784776716 0.480883913 0.4758960762 0.4879480101 0.459362527 0.4960559591 0.4740986911 0.4724008673 0.483876718 0.4827947892 0.4753723056 0.4569356381 0.4891478609 0.4779613013 0.4790155795 0.4765491929 0.4862515377 0.4469520531 0.484698344 0.4867167961 0.4804229445 0.4788926855
0.4875904193 0.4625870976 0.4694923648 0.4930108891 0.4524538069 0.4867928494 0.4897968028 0.4925923194 0.4742792694 0.47236156 0.4734560433 0.4825048487 0.4848919463 0.4838704861 0.4876019008 0.4762631418 0.4880414368 0.4922752383 0.4848994614 0.4947504165 0.4487370583 0.4846056722 0.4780016225 0.4749082598 0.4957039668 0.4839726726 0.464893378 0.4706595993 0.4785369109 0.4818301132 0.4761188006 0.4890007341 0.4595155292 0.4961616067 0.4742180123 0.4732926664 0.4843615419 0.4836609778 0.4769605566 0.4620957833 0.4894786946 0.4792726159 0.4804793079 0.4773253536 0.4867208538 0.4518933653 0.4869819206 0.4867964537 0.4825670799 0.4791583613
0.4877574698 0.4646017097 0.4701698708 0.4934522255 0.4541801257 0.4877853206 0.490045021 0.4927122639 0.4771645533 0.4726772153 0.474186575 0.4827179087 0.486555055 0.4846634948 0.4871103625 0.4780620273 0.4892077705 0.4925345501 0.4856797488 0.4948109394 0.4489147457 0.4849519302 0.4798953404 0.4784773727 0.4965513491 0.4846999794 0.4652620777 0.4722280853 0.4807339848 0.4829092706 0.4761961937 0.489403872 0.4600054467 0.4962458816 0.4744441177 0.4737870607 0.4844095114 0.4843251937 0.4774792349 0.4623217438 0.4898027931 0.480545814 0.4819979176 0.4790215127 0.4869024828 0.4542465969 0.4892002276 0.4875529928 0.4848263168 0.4796552442
0.4878458284 0.4663766422 0.4721541414 0.4938027023 0.4556803493 0.4934973778 0.4900479348 0.4934216684 0.477519269 0.473238976 0.4769178832 0.4852611283 0.4875468051 0.4863050094 0.4880762174 0.4784301139 0.4893461907 0.4925337137 0.4861430899 0.4949076004 0.4495523335 0.4855454947 0.48157469 0.4792720938 0.4964849316 0.4850448056 0.4655853628 0.472798641 0.4807840486 0.4836241521 0.4762725395 0.4897290514 0.4620465173 0.4969741035 0.4751245714 0.4739406444 0.4855259237 0.4875518898 0.477757341 0.467808264 0.4898819292 0.4821007322 0.4820581513 0.4836205578 0.4901430677 0.4549131921 0.4898368369 0.4876793719 0.4849430532 0.4809884313
0.4879780528 0.4692367551 0.4727783992 0.4944020013 0.4602463572 0.4935514931 0.4900674933 0.4935004502 0.4781768362 0.4736657457 0.477759908 0.4853025643 0.488414232 0.4869839831 0.49238342 0.4805804665 0.4897275698 0.4928205064 0.4880560453 0.4949487681 0.4507325599 0.4866487759 0.4822590682 0.4831008053 0.4968618431 0.4854827835 0.4683090705 0.4742994011 0.4808492092 0.484483306 0.4767066054 0.4897987103 0.4622366006 0.4971583903 0.4778745743 0.4740230859 0.4855873104 0.4872038014 0.4787549767 0.4679374917 0.4900174681 0.4821848658 0.4828683157 0.4838659232 0.490377219 0.4569386669 0.4898776249 0.4879638182 0.4856133886 0.4814484824
0.4891646377 0.4723751977 0.4779755836 0.4944294923 0.4644830291 0.4937141053 0.4903744199 0.4935134219 0.4812256776 0.474177085 0.4787831368 0.4854186499 0.4889736213 0.4878805647 0.4948947157 0.480901722 0.4896054685 0.4930106992 0.4884146225 0.4955902599 0.4535893233 0.4871806819 0.4825758852 0.4834822079 0.4969401446 0.4891900622 0.4692784792 0.4768722243 0.4810982508 0.4868023698 0.4783634295 0.4897957715 0.4643239881 0.4984392726 0.4785993516 0.476137399 0.486034144 0.4880718808 0.4788236155 0.4683323078 0.4900903886 0.4823059436 0.4830969314 0.4839809756 0.4916325031 0.4577145069 0.4904307873 0.4888635272 0.4860211998 0.4815016506
0.4894797053 0.4760853046 0.4779993608 0.4944586991 0.4653965685 0.4937933757 0.4923496801 0.4935810751 0.4813594865 0.4752600992 0.4788838934 0.485482494 0.4884943357 0.4885928441 0.4956529707 0.4811532496 0.4896985253 0.4930973868 0.489770897 0.4960340222 0.453720722 0.4873466813 0.4836412435 0.4839311092 0.4994860317 0.4903038805 0.4703578919 0.4801839395 0.483012626 0.4897998108 0.4792278573 0.4901689344 0.4651053533 0.501974426 0.4823791359 0.4762429798 0.4887662645 0.4882525332 0.4789437044 0.471144354 0.49019093 0.4823415589 0.4831059051 0.4846695104 0.4918641941 0.4593930026 0.4904359399 0.4887925158 0.4868014263 0.4824533609
0.4911410307 0.4763012125 0.4787453871 0.4966139622 0.4672171536 0.4938169154 0.4924265604 0.4935895668 0.4819443055 0.4805413612 0.4818010994 0.4856932638 0.490215786 0.4889954472 0.4961583141 0.4832592242 0.4899870757 0.4948377798 0.4943124452 0.4963098784 0.4538284246 0.4878729377 0.4853111177 0.4839371293 0.503080941 0.4906520338 0.4723943312 0.4802904427 0.4836850833 0.4902975499 0.479257466 0.4912075146 0.4659656574 0.5020437624 0.4824677705 0.4765566093 0.4904099886 0.4883933855 0.4850278942 0.4718699356 0.4902078696 0.4824317564 0.4841343864 0.4846975465 0.4921549731 0.4597067865 0.49140496 0.4888043865 0.4870102115 0.4824733528
0.4915049416 0.4776481558 0.4787580958 0.4966485444 0.4667295517 0.4955892185 0.4925758023 0.4941168505 0.4820496853 0.482450997 0.4819959396 0.4857759454 0.491279052 0.4897454177 0.4972477039 0.4847830907 0.4906196009 0.4970027561 0.4947849063 0.4964908719 0.4551851259 0.4883377003 0.4864702461 0.4846386155 0.5034085109 0.4918315491 0.4733973179 0.4801848121 0.4837443602 0.4904168177 0.4851224144 0.491394773 0.4674243714 0.5023698626 0.4836322736 0.4781410436 0.4905240047 0.4885437748 0.4868814218 0.4742519456 0.4922899902 0.4826471627 0.4842314174 0.485049496 0.4921618024 0.4598315296 0.4922853998 0.4895965834 0.4886086795 0.4830374043
0.4926616102 0.4789169653 0.4791970029 0.4966953993 0.4695407352 0.4956256204 0.4926878668 0.4941298169 0.482343322 0.482554438 0.4835431728 0.486221151 0.4922023666 0.4905250647 0.4976136527 0.485488043 0.4912274164 0.4972284728 0.4950545119 0.4967358205 0.4552128296 0.4888604122 0.4873737256 0.4862313718 0.5034159345 0.4921370983 0.4739038819 0.4802047021 0.4839835825 0.4904520134 0.4864667433 0.4914357222 0.4677670931 0.5024052723 0.4846642108 0.4827444844 0.4930980096 0.4885572871 0.4870198199 0.4743701327 0.4929457006 0.4830372139 0.484707201 0.4851647023 0.4924984802 0.4601324026 0.4923628273 0.4899192358 0.4886523558 0.483153287
0.4929919497 0.4796627143 0.4808400596 0.496910135 0.4696830719 0.4956455063 0.4929820665 0.4941811484 0.4831003187 0.4826225891 0.4838650905 0.486473586 0.4929556387 0.4912413462 0.4981153502 0.4868635464 0.4912483517 0.4975818535 0.4952304051 0.4970305898 0.4552349509 0.4966108034 0.4874714467 0.4864111957 0.5034899203 0.4921605273 0.4739670489 0.4827155647 0.4836087996 0.4904007753 0.4867693022 0.4919526352 0.4679093105 0.5033991947 0.4857540967 0.484415252 0.4932323692 0.4885539726 0.4903153827 0.4743875155 0.4932881263 0.4830882801 0.4860400076 0.4853137149 0.4935948454 0.462842397 0.4925868446 0.4904769811 0.4892952927 0.483502149
0.4944826872 0.4798845388 0.4809279858 0.4968941666 0.4705385229 0.49573609 0.4932001977 0.4949719958 0.4865506075 0.4836951971 0.4847253047 0.4877554471 0.4933483476 0.4917784944 0.4984907915 0.4891339032 0.4918009136 0.4980614506 0.4954611647 0.4970583375 0.4557765384 0.496977723 0.488616403 0.4868502023 0.5035720233 0.4936755245 0.4750836588 0.4827248804 0.4836380589 0.4938569993 0.4873087432 0.4927607537 0.4689659097 0.5034654367 0.4860108047 0.4844630966 0.4934803803 0.4886221874 0.4905181013 0.4746939321 0.4943617227 0.4839568679 0.486185214 0.4859744282 0.4940598373 0.4635035266 0.4927425905 0.4907219923 0.4899640924 0.4835386566
0.4945463047 0.4813393675 0.4809956424 0.4969480012 0.4718858757 0.4959252554 0.4932470319 0.4949719958 0.4867956843 0.4852478863 0.4850337931 0.4878904278 0.4939366694 0.4924976941 0.4986808378 0.4889681153 0.4924113755 0.4985253404 0.4959606671 0.4970915457 0.4556498397 0.4977727257 0.4886818398 0.4869070336 0.5037263193 0.4937328414 0.4754102515 0.482716129 0.4836440143 0.4941124999 0.4874632401 0.4928615828 0.4691482119 0.5034807982 0.4860157497 0.4845948771 0.4937166714 0.4887883879 0.4906343605 0.4747203242 0.4947514898 0.4839641697 0.4865978508 0.4865917215 0.499472582 0.4637061968 0.4930171594 0.4927897686 0.490814901 0.4835601822
0.4945703457 0.4836133364 0.4810563838 0.4969528908 0.472126383 0.4959866781 0.493350843 0.495255043 0.4880008332 0.4859988412 0.4856758684 0.4892878556 0.4939760723 0.4926070965 0.4986753354 0.4890152505 0.4931992202 0.4993085901 0.49615387 0.4970810301 0.4557406019 0.4995440848 0.4896047923 0.4879280093 0.5055294567 0.494049223 0.4760012701 0.4830182581 0.483772718 0.4942534859 0.4888323093 0.492864825 0.4691634173 0.5042560937 0.4880611736 0.4847500803 0.4956031456 0.4890541473 0.4907405435 0.4755600383 0.4952693485 0.4844945424 0.4866218653 0.4863623926 0.4995326803 0.4637728592 0.4930492967 0.4929150349 0.4910253493 0.4836005122
0.4947332644 0.4840495019 0.4810653628 0.4971701921 0.4721304712 0.4969636908 0.4934799544 0.4952653736 0.4927172999 0.486040203 0.4869202143 0.4893165446 0.4941157955 0.4928321947 0.4988791751 0.4891415547 0.4940575499 0.499353048 0.4962042846 0.4976130262 0.456912489 0.4997175568 0.4897216335 0.4880468669 0.5057054253 0.4944633321 0.476008913 0.4855967358 0.4838038711 0.4951616675 0.4894451365 0.4928935141 0.4706316905 0.5038596186 0.4881045516 0.4847464664 0.4956542512 0.4891139131 0.4907795231 0.4755623765 0.4952926333 0.4851054466 0.4873045488 0.4874126918 0.4995716558 0.4641023426 0.4930495665 0.492905002 0.4921406384 0.4838906215
0.499498473 0.4843729117 0.4829958326 0.497212194 0.4732296725 0.4970204941 0.4939371408 0.4955205212 0.4931275447 0.4863962602 0.4875059089 0.4894935212 0.496383102 0.4941187892 0.4990651081 0.4891751954 0.4942168631 0.4993909908 0.4965575591 0.4977429232 0.4569507694 0.5005372756 0.4902910954 0.4884509751 0.5058700936 0.4954174051 0.4760154926 0.4868264808 0.4838165793 0.495345738 0.4894759104 0.4929638024 0.4715445788 0.5038751676 0.4881444686 0.4848360284 0.4970066577 0.4892439605 0.4908165094 0.4757402569 0.4985077562 0.4851466593 0.487318853 0.4875548383 0.4996188161 0.4644306774 0.4931694123 0.49295131 0.4922904746 0.4841180722
0.4998652018 0.485932383 0.4834213484 0.4972623216 0.4829894493 0.4992632334 0.4943364878 0.4956105066 0.4932462032 0.4866623543 0.4880997214 0.4895097704 0.4971848237 0.494220513 0.499123579 0.4892405721 0.494260046 0.4993909908 0.4970764397 0.4977512054 0.4570576938 0.500901629 0.4910253919 0.4885426037 0.5058700936 0.4963406286 0.4760294549 0.4873464502 0.4839169164 0.49535435 0.4897334367 0.4964923727 0.4720707766 0.5042367321 0.4887678433 0.4848808299 0.4972996331 0.489310304 0.4915026581 0.4761147351 0.4987717814 0.4852429808 0.4873190349 0.4891643429 0.4997386563 0.4658338033 0.4932150608 0.4933732567 0.4951252541 0.4846813912
0.4993459544 0.4860392131 0.4832726736 0.4973285567 0.4833150112 0.4992676737 0.4945006456 0.4978101489 0.4937383705 0.486745058 0.4907334478 0.4896728728 0.4975410187 0.4946208541 0.499283985 0.4893394094 0.4943430691 0.5003024894 0.4983075348 0.4979238349 0.4570947554 0.5018092793 0.49103541 0.4898855858 0.5059153021 0.4975534721 0.4762564839 0.4877293857 0.4857769732 0.4959162975 0.4905739355 0.4965625099 0.4722233526 0.5040774373 0.4888391709 0.4863751864 0.4973416124 0.4893246775 0.491670917 0.4761150895 0.4989355812 0.4854988307 0.4875048934 0.4891844494 0.4997439497 0.4668001442 0.4933626742 0.4934980457 0.4955919604 0.4857423238
0.5001061377 0.4861883911 0.484111765 0.4975865835 0.4834239334 0.5010274432 0.4945510273 0.4978914892 0.4938288913 0.4885205454 0.4911646683 0.490085755 0.4976539512 0.49463734 0.4990691605 0.4940281466 0.4943617627 0.500352599 0.4986859084 0.4979607589 0.4576546621 0.5018704917 0.4911121745 0.4902586478 0.5062325539 0.4975688949 0.4765587489 0.4900509508 0.4858543079 0.4960187504 0.4913873297 0.4968012995 0.4741096601 0.5050421667 0.4892895774 0.4874057747 0.4973830892 0.4896307612 0.4923573147 0.4779084055 0.4997081256 0.48606016 0.488198383 0.4892829001 0.5000360593 0.467212503 0.4940464812 0.493839661 0.4957021529 0.4859013665
0.5001676543 0.4873332611 0.4842840368 0.4975896083 0.4840911904 0.5010233779 0.4949646366 0.4978985006 0.4938409547 0.4889273337 0.4911669302 0.4902863649 0.4977325546 0.4950481611 0.49940183 0.4940297524 0.4944094133 0.5007430215 0.4987867182 0.4984580621 0.4585345424 0.5018844582 0.4911875941 0.4917660196 0.5062424231 0.4989973242 0.4765749816 0.4923864106 0.4889571645 0.4963325801 0.4916527502 0.4968226696 0.4742375454 0.5051086078 0.4894454611 0.4882416435 0.4973986584 0.4896284182 0.4923638358 0.4779224442 0.5004772084 0.4863489268 0.4894526992 0.4893198299 0.5003120836 0.4674224583 0.4940993965 0.4944660757 0.4955454299 0.4859859803
0.5002302224 0.4887945422 0.4844941799 0.4977234435 0.4853824321 0.5010432961 0.495656144 0.4981128442 0.493995382 0.4896649631 0.4911930217 0.4906920791 0.4977424052 0.4950920797 0.4994044267 0.4940433575 0.4944320846 0.5007623097 0.4987638409 0.4988629865 0.4585099047 0.5022550048 0.4913069553 0.4923006725 0.5066024255 0.4990012528 0.4766189913 0.4945342281 0.4889739774 0.4964150609 0.4928989936 0.4968901726 0.4746143607 0.5051427351 0.4909245451 0.4886259749 0.5008647079 0.489630705 0.492513369 0.4779224442 0.500405131 0.4881576925 0.4899314376 0.4894699235 0.5004089443 0.4674829722 0.4945451296 0.4945921186 0.495899522 0.4878631066
0.5009309791 0.4894629457 0.4855134658 0.4977303194 0.4875743827 0.5011688917 0.4963812349 0.4984499392 0.4956159342 0.4898031068 0.4923251386 0.4907608855 0.4977796836 0.4950574984 0.499320692 0.494051933 0.4947883859 0.5007644637 0.4987759637 0.4992220444 0.4585091984 0.5022885061 0.4913150016 0.4920441195 0.5069418594 0.4992272658 0.4767200366 0.4945619362 0.4889857272 0.497290945 0.493155081 0.4969666719 0.4747075597 0.5053744574 0.4911040378 0.489900758 0.5008978631 0.4898822132 0.4925546095 0.4780269231 0.5004253331 0.4881860546 0.4903382078 0.489979776 0.5006933237 0.4675679073 0.4945682168 0.4947433352 0.4966140712 0.4884382601
0.5017486843 0.4896011319 0.4857745884 0.4977325952 0.4886879185 0.501639613 0.4968777364 0.4984930109 0.4956521783 0.4903632006 0.4924289657 0.4907742172 0.4981872401 0.4952368273 0.4994216001 0.4940875012 0.4949298162 0.5011599789 0.4988208232 0.4992613789 0.4597426054 0.5022988908 0.4913916176 0.4920873298 0.5069685306 0.4992904682 0.4768379518 0.494665816 0.4889863436 0.4977160827 0.493401517 0.4971178448 0.4782707158 0.5054416877 0.4911586436 0.4899191121 0.5012776355 0.4899376185 0.4930226435 0.4780359064 0.5006939885 0.4884346102 0.4903328874 0.489980693 0.5016482684 0.4683582558 0.4949944342 0.4947480835 0.4966848746 0.4885432146
0.5018796723 0.4911491467 0.4862653803 0.4978885511 0.488962989 0.5017339349 0.496830436 0.498483851 0.4966270292 0.4905449104 0.4929039754 0.490836606 0.4983197717 0.4971491265 0.4994767837 0.4941012246 0.4966585197 0.5011678763 0.4988623332 0.4993141168 0.4604361304 0.5023354522 0.4914220189 0.492231355 0.5069844015 0.4993985993 0.4777529329 0.4946939279 0.4902354058 0.4977505771 0.4937217249 0.497127089 0.478416954 0.5055076846 0.491663599 0.4908416043 0.5012810829 0.4900600149 0.4945564192 0.4783120823 0.5007433472 0.4884529651 0.4903634132 0.4899842424 0.5018026891 0.4685091732 0.4969330143 0.4947945933 0.4975067242 0.488604342
0.5019550475 0.4920640235 0.486248651 0.4978395111 0.4891768869 0.5017713824 0.4968411058 0.4985051356 0.496663731 0.4905826139 0.4930693482 0.4917336827 0.4983949225 0.4973236611 0.4995699009 0.4941248729 0.4967305412 0.5012246355 0.4991369032 0.49967777 0.4617453821 0.5024298141 0.4914733754 0.4923910124 0.5070144303 0.4995378852 0.4780078778 0.4950048712 0.4903168106 0.4980637805 0.4937465744 0.4973030738 0.4786816045 0.5064319582 0.4929754346 0.4908440848 0.5013601961 0.4942429708 0.4945334953 0.4783267802 0.5008933176 0.4891699246 0.4903800483 0.4914899997 0.5019417934 0.4685582304 0.4974803792 0.4951765404 0.4981241578 0.4892109428
0.502261259 0.4921419149 0.4862560221 0.4978620973 0.4914243217 0.5018141183 0.4968451601 0.4989744063 0.496688505 0.4906017576 0.4932330393 0.4919141621 0.4988876175 0.4973401474 0.5002483293 0.4945717486 0.4970057212 0.5012694382 0.4992582121 0.5003494645 0.4660375653 0.5024602849 0.4924565346 0.492416795 0.507040286 0.4996667775 0.478427254 0.4965043867 0.4903675906 0.4982665511 0.4938100502 0.4976318095 0.4781692274 0.5064646658 0.4929904945 0.491372304 0.5014310709 0.4951074946 0.4946665922 0.4783576461 0.5010877015 0.4892969457 0.4903780002 0.491506716 0.5019676505 0.4686346605 0.497895827 0.4952999227 0.4991175386 0.4892548683
0.5022720608 0.4922298128 0.4866990974 0.4981947662 0.4914320792 0.5018346297 0.4968452814 0.4989888818 0.4968301258 0.4906622041 0.4932353456 0.4919217421 0.4999093338 0.4975856838 0.5002548736 0.494625191 0.4975064454 0.5014768483 0.4996722567 0.5003631327 0.466069136 0.5029543429 0.4929627495 0.4924363737 0.5076322266 0.499667418 0.4793155834 0.4972694432 0.4904619215 0.4983042243 0.4942698736 0.4976601013 0.4787344786 0.5067852697 0.4930015182 0.4914207621 0.5016814137 0.4986547131 0.4947258262 0.4783810859 0.5014588221 0.4893112121 0.4905009872 0.4916125745 0.5023271216 0.4686691701 0.4979908687 0.4954265629 0.4998313318 0.4915544637
0.5023335631 0.4922505648 0.4867633268 0.4985720588 0.4919112777 0.5018357995 0.4969274915 0.4989026548 0.4968655262 0.4916558645 0.4936116588 0.4921573856 0.5029223371 0.4981398063 0.5002712951 0.4948364061 0.4976518212 0.5028970177 0.4999462566 0.5003631327 0.4673842244 0.5029624177 0.4930718343 0.4925908966 0.5076582749 0.4994961239 0.4794029684 0.4980171907 0.490690986 0.498494597 0.494361125 0.4993665515 0.4796639531 0.5068108744 0.4930778133 0.4914680014 0.501688404 0.4989917166 0.4948561455 0.4784693371 0.5020564819 0.4894630753 0.4905126322 0.4923207398 0.5023410973 0.4688765745 0.498078324 0.495435704 0.5003356598 0.4917710965
0.502378438 0.492324739 0.4871332882 0.4993121364 0.4919878693 0.5020151544 0.4969321232 0.4997924873 0.4968797209 0.4916911318 0.4936873042 0.4923088932 0.5029662065 0.498182534 0.5004456192 0.496327887 0.4980338987 0.5033415302 0.5001574692 0.5005213814 0.4683641158 0.5031772498 0.4939131459 0.4928938271 0.5077132309 0.4999132691 0.4794044697 0.49830827 0.4910192029 0.4985826138 0.4946746795 0.4995217418 0.4796448459 0.5068607263 0.4931067346 0.4934362912 0.5017127063 0.4994520777 0.4952143699 0.4785135574 0.503114344 0.4895306313 0.4906670543 0.4923448804 0.5023491741 0.4693237662 0.498195543 0.495442132 0.5002257007 0.4923548546
0.5024620449 0.4925065962 0.4877865131 0.5006510342 0.4921220447 0.5024429348 0.4971178923 0.4998866231 0.496874597 0.4917475994 0.4946377496 0.4923308572 0.5031951311 0.4982178876 0.5004480021 0.4963347529 0.4980496518 0.5034473266 0.5000855381 0.5005309244 0.4683892492 0.5036125462 0.4939148872 0.4930724124 0.5077135544 0.4999275179 0.4794684604 0.4983957446 0.4913402783 0.4985836597 0.4946844208 0.4997760414 0.4798585825 0.5068851641 0.4931842304 0.4934409127 0.50173529 0.5011363621 0.4952289554 0.4785171051 0.5038025189 0.4901251659 0.4910361286 0.492644818 0.5025679755 0.4695660444 0.4983487096 0.4954664495 0.5002413245 0.4929015126
0.503322805 0.4925820464 0.4891739516 0.5018920738 0.4921492651 0.503455935 0.4978902819 0.4999095897 0.4968891139 0.4918196545 0.4949318396 0.4923319813 0.5063260299 0.4984057885 0.5011377129 0.4970135608 0.4980719535 0.5035215549 0.5000743371 0.500534799 0.4684108722 0.5036705285 0.4941236461 0.4930942545 0.5082360943 0.4999309467 0.4800157911 0.4984081374 0.4964061242 0.5001590521 0.4956984207 0.4998102721 0.480138919 0.50701515 0.4932056984 0.4957864662 0.5017702843 0.5012109544 0.495255182 0.4785136399 0.5038174547 0.4901350356 0.4910364627 0.4926477791 0.5028279117 0.4697495554 0.4984937133 0.495615772 0.5003548799 0.4924894543
0.5035474845 0.4928907727 0.4892736765 0.5018920738 0.4924140492 0.5046472533 0.4979326644 0.4999095897 0.4979542835 0.4931592411 0.4950105956 0.4923459519 0.5063967399 0.4984097709 0.5013608876 0.498664631 0.4980958344 0.5035370595 0.5000857732 0.500534799 0.4694858016 0.50367532 0.4947066008 0.4933267946 0.5087661831 0.4999550061 0.4814738415 0.498418473 0.4964061242 0.5009749401 0.4971819587 0.4997461144 0.4804560134 0.507087562 0.493298024 0.4958947072 0.5018417507 0.5012300124 0.4952576212 0.4785717716 0.5043668057 0.4910224438 0.4917631946 0.4926861618 0.5030971709 0.4697511467 0.4989584536 0.4957060164 0.500365279 0.4929669512
0.5035508918 0.4940344959 0.4893113613 0.5023207387 0.4928271057 0.5050301023 0.4979584818 0.4999240479 0.4979758598 0.4931659839 0.4950929484 0.4926941369 0.5064078217 0.4999950748 0.5013649797 0.4988089549 0.4994146434 0.5035568083 0.5001271295 0.5006917702 0.4699274472 0.5037516842 0.4947746603 0.4934203034 0.508813122 0.4999626272 0.4815279102 0.4987224464 0.4964156092 0.5015306187 0.4972446499 0.4998309387 0.482163399 0.5070941648 0.4934399091 0.495907761 0.5023258432 0.5012720769 0.4952954725 0.4785717716 0.5053841706 0.4910225001 0.4919306575 0.4926970608 0.503172512 0.4703391366 0.4990024693 0.5024338634 0.5006148809 0.4930393245
0.5037396939 0.4949019071 0.4893445548 0.5023372163 0.4929781967 0.5051866445 0.4980953098 0.4999270599 0.4982437306 0.4934972497 0.4951155085 0.4932135786 0.5064078217 0.5000675987 0.5013651225 0.4989188962 0.4993973019 0.5034986704 0.5007383608 0.5007897024 0.4700336733 0.5038828165 0.4948366188 0.4936817628 0.5088287173 0.4999206745 0.4819735647 0.498807835 0.4964716918 0.5015896953 0.4972457937 0.4998892858 0.4842513722 0.5071139173 0.4941747913 0.4959229636 0.5023514164 0.5013748443 0.4980206873 0.478666709 0.5054316467 0.491419836 0.4919306575 0.4927357381 0.5031913555 0.4703875592 0.4991520468 0.5028824191 0.500615696 0.4930533722
0.5038528239 0.4949094379 0.4907181485 0.5025217352 0.4930599785 0.5053367995 0.4982726379 0.5025790301 0.4983251488 0.4943706263 0.4952754576 0.4933200007 0.5095452092 0.5002529055 0.5013645769 0.4989460065 0.5003361107 0.5036034775 0.5008208876 0.5008717825 0.4721351631 0.5039989812 0.4949738085 0.4937312405 0.5087935805 0.4996285024 0.4821851058 0.4993809857 0.496497681 0.5019642488 0.4974064858 0.4999315401 0.4858687104 0.5071427494 0.4948307166 0.496010891 0.5005754525 0.5013860328 0.4980913512 0.4786673613 0.5049006783 0.4913032677 0.4920546192 0.4936148957 0.5043807066 0.4704027459 0.4991655145 0.5032723909 0.5007419587 0.4940645879
0.5038181654 0.4949676403 0.4916182976 0.5026822583 0.4933234717 0.5053690574 0.4987901719 0.5026042455 0.5001958954 0.4946797723 0.49615892 0.4934251603 0.5095928966 0.5002449213 0.5014654963 0.4989755611 0.5011159534 0.503617648 0.5009251054 0.5015113326 0.4721428964 0.5044964011 0.4958561646 0.4937744747 0.508890703 0.4997412837 0.4825579233 0.4994613677 0.4966427648 0.5020034606 0.4983163707 0.5006949432 0.486656684 0.5072455705 0.4948972546 0.4960178 0.5005612067 0.5022953255 0.4981064783 0.4786693819 0.5051660332 0.4913392113 0.4923823726 0.4936184132 0.5045296982 0.4714658833 0.4991737114 0.5032661231 0.5009876545 0.4943552871
0.503681021 0.4950579967 0.4920665888 0.5030531322 0.493565253 0.5053832566 0.4990136068 0.5024509207 0.5003199711 0.4947839351 0.4962064778 0.4934745532 0.5121788105 0.50049787 0.5014885681 0.498980388 0.5012200377 0.503551569 0.5027996057 0.5018729691 0.4726423878 0.5045138201 0.495962352 0.4942667924 0.5091958953 0.4997576436 0.4827151124 0.4995001758 0.4966479218 0.5020286987 0.4983798693 0.5006946143 0.4876050844 0.5072671199 0.494913209 0.4960854387 0.5012565071 0.5025101082 0.498361375 0.4787478328 0.5051748456 0.4914194772 0.4924694852 0.493738911 0.5053495599 0.4721457618 0.4991984003 0.5033331766 0.5009899351 0.4945192382
0.5037635573 0.495103501 0.4923815604 0.5030572918 0.4942201515 0.5053838566 0.4990781291 0.5024518859 0.5003626572 0.4948034438 0.4966401744 0.4934815848 0.5121952506 0.5006545661 0.5014772867 0.4990783864 0.5014490543 0.5038427423 0.5033615449 0.5019025889 0.4731507668 0.5047844881 0.4959644241 0.4942703758 0.5091972442 0.4997793685 0.4832081052 0.4995007466 0.4967538372 0.5020631896 0.4984402483 0.5012630353 0.4889442724 0.5080756576 0.4949554173 0.496156631 0.5012685687 0.5025168665 0.4990620257 0.4787604976 0.5051748456 0.4923609401 0.4921821543 0.4937407256 0.5055157114 0.4722324439 0.4992615659 0.503333548 0.5011158787 0.494748741
0.5046579443 0.4951126861 0.4924045319 0.5030988922 0.494465605 0.5053859725 0.4999633761 0.5026954384 0.5004009205 0.4971736753 0.496628329 0.493916464 0.5121962412 0.5015105702 0.501600247 0.4990928702 0.5020002078 0.5038600531 0.5034423301 0.5019085073 0.4732084566 0.5048210016 0.4963184023 0.4955219439 0.5093481736 0.4997800078 0.4832970253 0.4996514331 0.4967690927 0.5021067466 0.4991325874 0.501426424 0.4899858868 0.5081517036 0.4950308264 0.4961492993 0.5016800747 0.5025590152 0.4990345375 0.4787604976 0.5052177144 0.492464285 0.4923071124 0.493855626 0.5058125089 0.4722801874 0.4994589432 0.5038563071 0.5017629532 0.4949159168
0.5046744254 0.4961832345 0.4928906754 0.503100562 0.4950895644 0.5053936137 0.4999752272 0.5027228506 0.5014549355 0.4972185358 0.4966673229 0.4939375303 0.5124777547 0.5016577612 0.5016587102 0.500170106 0.5020234846 0.5038607088 0.5036826674 0.503442998 0.4732472507 0.5048525678 0.4967123642 0.4965431316 0.5094519905 0.5016120513 0.4845465829 0.5003550505 0.4967779879 0.5026134698 0.4991421166 0.5018517939 0.4903101511 0.5081515871 0.4950850581 0.4961492993 0.5017126131 0.5031332559 0.4990248445 0.4787611544 0.5051365098 0.4928088623 0.4924143572 0.4940489132 0.5058951526 0.4722884642 0.5000753786 0.5046697616 0.5017643252 0.4949570718
0.5050137876 0.4962731901 0.4931536318 0.5032696352 0.4950937767 0.5056367315 0.5002496847 0.5027513177 0.5014841508 0.4974362971 0.4970826042 0.4952252131 0.5124956854 0.501759303 0.5016581319 0.500266486 0.5021059978 0.5039357183 0.5035446901 0.5034559421 0.4732430457 0.5048994246 0.4974218143 0.4965742407 0.5095188099 0.5020933424 0.484707655 0.5004975893 0.4988359284 0.502650858 0.4991985186 0.502682237 0.4903731307 0.5083435924 0.4962167174 0.496472894 0.5017149677 0.5038924878 0.4991108511 0.4787611544 0.5051517527 0.4928178425 0.4929766661 0.4940728687 0.5059213315 0.4723072972 0.5000878785 0.5047062827 0.5019886662 0.4950052905
0.5055828804 0.4962950038 0.4934726501 0.5032822459 0.4958068107 0.505887142 0.5002678913 0.5029218717 0.5015090586 0.4975563243 0.497127319 0.4954329547 0.5124957615 0.501761689 0.5020314475 0.5002973529 0.5022219111 0.5039777494 0.5036071614 0.5034503365 0.4732569606 0.5049403154 0.4971058461 0.4966272196 0.5095506661 0.5021207022 0.4847586256 0.5005221051 0.4988494469 0.5026013237 0.4992839843 0.5027068465 0.4904673053 0.5083524278 0.4962550474 0.4965345255 0.5017491455 0.5039049947 0.4991191687 0.4787657148 0.5050706048 0.4928178425 0.4929875426 0.4941233915 0.5059317505 0.4723481843 0.5000913614 0.50484006 0.5019961103 0.4950360997
0.5055845069 0.4963157676 0.4934832542 0.5035228913 0.4958879441 0.5065915303 0.5007734227 0.5029337833 0.5015203039 0.4975669352 0.4975117538 0.4955175895 0.5124971691 0.5018028247 0.5025341678 0.5004868758 0.5022452445 0.5040089592 0.5036551157 0.5033098236 0.4732725208 0.5050997051 0.4971086925 0.49664386 0.5106157853 0.5023475973 0.4848595015 0.5016814592 0.4988535085 0.502609947 0.4993218507 0.5035875216 0.4904621651 0.5086748597 0.4962653611 0.4965416854 0.5018725408 0.5040448962 0.4992203036 0.4787658598 0.5051689314 0.4928309812 0.4931099371 0.4941675551 0.5059738083 0.4753313324 0.5002630439 0.5048695771 0.5033690364 0.4951324588
0.5057617279 0.4963259221 0.4934999413 0.5034646421 0.4959333739 0.5065895322 0.5007815721 0.5030172559 0.501488245 0.4975795275 0.4975117538 0.4956436656 0.5125676221 0.5020069945 0.5026088788 0.5004900539 0.5037420806 0.5043553046 0.5038638925 0.503579182 0.4732715847 0.5054692933 0.4971213773 0.4966905043 0.5107114359 0.5023793002 0.4846394492 0.5017073531 0.498855021 0.5026179179 0.4992114435 0.5037902452 0.4903215628 0.5093821291 0.4962972471 0.4965469261 0.501943757 0.5040635459 0.4992936487 0.4787658598 0.5071940025 0.493148206 0.4930880479 0.4942293522 0.5059888242 0.4753926252 0.5002636711 0.5048797548 0.5034227328 0.4951402257
0.5059423992 0.4971461563 0.4950093893 0.5035366156 0.4965432394 0.5067181099 0.5008942554 0.5032736231 0.5017366893 0.4999805675 0.4975678847 0.4956983785 0.5125676221 0.5020207688 0.5026498731 0.5004949328 0.5041052491 0.5043768561 0.5053355557 0.5035813146 0.4734420083 0.5055617438 0.497177667 0.4967647269 0.5107299255 0.5023900936 0.4847100245 0.5020014525 0.4989084919 0.5028398721 0.5003355564 0.5040177405 0.4911212573 0.5094164393 0.4963215127 0.496547198 0.5019454422 0.5040905878 0.4992930503 0.4787692946 0.5072101955 0.4932037995 0.4931257593 0.4942293522 0.506018186 0.4754387827 0.5002680252 0.5048738283 0.5034806145 0.4965265757
0.5075684453 0.4975382621 0.4953616264 0.5035343231 0.4965665165 0.5067490253 0.5009086995 0.5043026118 0.50174751 0.4999954269 0.4996189722 0.4957654467 0.5125801519 0.5020291142 0.5026426476 0.5015962875 0.5041321872 0.5046163281 0.5055051298 0.5037167358 0.4734897094 0.5066300375 0.4971963123 0.4972569495 0.5107683712 0.5023985833 0.4856062224 0.5022671792 0.4993485888 0.503408798 0.5005198281 0.5040476608 0.4914099435 0.5094329653 0.4963410629 0.4965482755 0.5025177622 0.5048766993 0.4993370858 0.4791485458 0.5072101955 0.49325162 0.4937684738 0.4942628278 0.5060269641 0.4754487087 0.5006012601 0.5050531827 0.5035678389 0.4969547752
0.5082608621 0.4982870891 0.4953629354 0.5037071677 0.4963646036 0.5071232542 0.5010445031 0.5043037558 0.5031476127 0.500016201 0.4996408499 0.4957682358 0.5125876055 0.5026885602 0.5028797573 0.5019780869 0.5041245333 0.5047588893 0.5055700725 0.503810267 0.4740592216 0.5067326361 0.4973542826 0.498495175 0.5107690587 0.5027733004 0.4858627257 0.5023654717 0.4996693088 0.5032610254 0.5002746902 0.5040636455 0.492110499 0.5094449799 0.4963868515 0.4965492942 0.50252028 0.5051179545 0.4993372594 0.479154578 0.5072507738 0.4933813797 0.4943945241 0.4942670566 0.5060474925 0.4754682706 0.5006273933 0.5076498434 0.5037172453 0.4970647124
0.5086849535 0.4989983992 0.4958117205 0.5037152142 0.4963701369 0.5071362771 0.5011772452 0.5044064037 0.5032471583 0.5000542962 0.4997885401 0.4972144326 0.5125909445 0.502691073 0.5028905456 0.5026495816 0.5042138777 0.5047899794 0.5058800479 0.5038211437 0.4740896961 0.5071003427 0.4980507297 0.4999022459 0.5107747185 0.5032158043 0.4859105682 0.5024034617 0.4996694068 0.5038176094 0.5002883745 0.5041641663 0.4942105814 0.5094493708 0.4967378775 0.4965504765 0.5026444579 0.5050907994 0.4993373145 0.479154578 0.5072549966 0.4933840821 0.4945480283 0.4943074294 0.5063513697 0.4755318057 0.5010410253 0.5076731111 0.5038558601 0.4970650012
0.5087209716 0.4996134535 0.4961408983 0.5037392539 0.4968947546 0.5071321154 0.5019065185 0.5044090778 0.5031104072 0.5009685058 0.4998168419 0.4993311411 0.5132408262 0.5027156292 0.5028905456 0.5026520422 0.5042818851 0.5047902716 0.5060595356 0.5038392927 0.4740947512 0.5071007131 0.4985635132 0.4999062004 0.5110603054 0.5035803137 0.4861652353 0.502588859 0.4996697386 0.5038281224 0.5029502003 0.5042763003 0.4943052014 0.5096345995 0.4982487097 0.4966261473 0.5029801903 0.5054465357 0.5009273525 0.479154578 0.5073160877 0.4933909056 0.4946020398 0.4943272232 0.5077504626 0.4756146487 0.5010788687 0.5077042196 0.5038798046 0.4971336097
0.5093765944 0.4996448548 0.4961604752 0.5039250211 0.4969038984 0.5074247007 0.5019089586 0.5049646279 0.5033053975 0.5009862616 0.4999678358 0.4993311411 0.5132411616 0.5027432488 0.5033115746 0.5026998096 0.5046175265 0.5048231123 0.5061297551 0.5037838489 0.4741995197 0.507502369 0.4988618969 0.5000946283 0.511310644 0.5037303594 0.4869241674 0.50262307 0.4998346887 0.5040783112 0.5035785271 0.5043234836 0.4944918992 0.5096495988 0.4982932011 0.4966328866 0.5029962613 0.5054500644 0.5009677789 0.4791631301 0.5082778946 0.4933300939 0.4946080625 0.4943757996 0.5079577361 0.4756186545 0.5011963165 0.5077467701 0.5046160108 0.4972495904
0.5093864056 0.4998901063 0.4962361252 0.504405784 0.498718673 0.5074350002 0.5020305077 0.5081268039 0.5037803506 0.5010117961 0.5001425729 0.4993835604 0.5132466981 0.5027506842 0.5033178991 0.5027413054 0.5061169896 0.5047969785 0.5061311888 0.5040182442 0.4748079179 0.5078508186 0.4989960904 0.5001094118 0.5113297848 0.5037497439 0.4869672574 0.5026572322 0.5005886556 0.5041363574 0.5035787282 0.5041806088 0.4959667802 0.5097599635 0.4983348944 0.496625819 0.503301052 0.505655456 0.5009782993 0.4791679904 0.5082705639 0.4935471028 0.4948014762 0.4946892829 0.5081705285 0.4756601916 0.5015272929 0.5077656942 0.5045977956 0.4972566293
0.5094263733 0.4998864875 0.4974173846 0.5044258868 0.4987578245 0.507516087 0.5021851893 0.5081268039 0.5038511677 0.5010321062 0.5008905329 0.5013381295 0.5132467582 0.5031787794 0.5034021965 0.5028546058 0.5069318113 0.5055542941 0.506484763 0.5041561351 0.4748521447 0.5082860885 0.4992258549 0.5004008571 0.511349553 0.5037743752 0.4875380204 0.5035137711 0.5006099147 0.505011525 0.5037964883 0.5042022227 0.4966002485 0.5097663536 0.4983361443 0.4967136197 0.5033756115 0.5058194406 0.5010592675 0.4791672858 0.5082952086 0.4935598819 0.4948409326 0.4947419768 0.5090628473 0.4756769947 0.5015353631 0.507845577 0.5046026752 0.4973283382
0.5095602561 0.5003731452 0.4974809759 0.5044898296 0.4987877425 0.5075209468 0.5039937293 0.5081442012 0.5038638429 0.5010887851 0.5021674317 0.5019956114 0.5132496102 0.5032052678 0.5034013968 0.5031715383 0.5069752929 0.5058303664 0.5065959841 0.5047146205 0.4765076611 0.5082969486 0.4992978032 0.5015222238 0.5113616051 0.5038274728 0.4891471285 0.503550661 0.5006212355 0.5050540304 0.5037981502 0.5066021612 0.4966098039 0.5097878761 0.4987449569 0.4967136248 0.5033767075 0.5067085631 0.5010645702 0.4791770795 0.5083051601 0.4936152369 0.4953586328 0.4949302283 0.5127298704 0.4757072823 0.5017096798 0.5078659 0.5046783549 0.4980745339
0.5092373441 0.5003990556 0.4974825141 0.5044922764 0.4988531729 0.5072906351 0.5040016374 0.5084558183 0.5039963871 0.5010756341 0.5021722992 0.5026994184 0.5139453203 0.503207849 0.503448415 0.5033787282 0.5070044384 0.5058950904 0.5069104041 0.504733322 0.4773827666 0.5083008792 0.4995166158 0.5029268482 0.5114621783 0.5038691178 0.4892938151 0.5041633096 0.5006130476 0.5050641636 0.5038035788 0.506687445 0.4993363115 0.5098095124 0.4987588914 0.4967303453 0.503509855 0.5079914724 0.5011199189 0.4791788685 0.508514718 0.4937857934 0.4954129099 0.4952621677 0.5132194606 0.4757072823 0.5016782883 0.507955369 0.5050452572 0.4981437872
0.509238893 0.5004585768 0.4988831232 0.5045017924 0.4991808662 0.507304534 0.5040664222 0.5085044836 0.5040060254 0.5027385619 0.5021836156 0.5031674729 0.514534852 0.5032967776 0.503448415 0.5033753015 0.5071881939 0.5058950612 0.5070234561 0.5047582639 0.4785454073 0.5083818318 0.4995349525 0.5048569947 0.5114741056 0.5041706894 0.4891606498 0.5043650673 0.5012044217 0.5050655143 0.503881439 0.5066877448 0.4995305599 0.5098797315 0.4987626253 0.4965839153 0.5035349935 0.5080165593 0.5011232717 0.4791434521 0.5085272854 0.495598944 0.4954405303 0.4952815527 0.5132215785 0.4757278372 0.5018074996 0.5082055796 0.5050799037 0.4983548132
0.5093214641 0.5007967198 0.4988940439 0.5045552114 0.4994456006 0.5073119071 0.5042758556 0.5085300827 0.5047842071 0.5032075334 0.5021867029 0.5031855198 0.5149971171 0.5033023225 0.5034775608 0.5033557768 0.5071882286 0.5059169908 0.5070234561 0.5049806574 0.4786261872 0.5088962017 0.4997078427 0.5048695731 0.5114924458 0.504185277 0.4894252972 0.5047436236 0.5012262988 0.5050654845 0.5039117571 0.5067452424 0.4997215958 0.5098940996 0.4989241823 0.4966009384 0.5035734215 0.507781369 0.5011302789 0.4791434521 0.5092675112 0.4958562858 0.4955918567 0.4955393288 0.5131624558 0.4757688179 0.5018328115 0.5082073905 0.505205331 0.4986725685
0.5093222786 0.5007968166 0.4994377886 0.5046476285 0.4995029042 0.5073753359 0.5042793533 0.5085552119 0.5048098241 0.5032799646 0.5022867814 0.5033448626 0.5150835546 0.5035488475 0.503508493 0.503357994 0.5071922323 0.506118508 0.5070362545 0.505093038 0.4786385295 0.5090059345 0.4997135579 0.5048863916 0.5115090581 0.5041853147 0.4896617965 0.5048501272 0.5030623895 0.5051277235 0.5040040972 0.5067634116 0.4997795453 0.5099687101 0.4994780429 0.4966179934 0.503621968 0.507788625 0.5021193705 0.4791441416 0.5101086234 0.4958568299 0.495881185 0.4955419011 0.5130737316 0.475800064 0.5020571411 0.5082629961 0.5051396706 0.4988534856
0.5123637619 0.5010087212 0.4994415607 0.5046769448 0.4996816989 0.5073775545 0.5042853414 0.5086279515 0.5053198373 0.5036094876 0.5023341387 0.503464683 0.51582915 0.5035492946 0.5035073887 0.5038435294 0.5073925349 0.5061813322 0.507064913 0.5050985842 0.4786462245 0.5090580806 0.499730616 0.5049329794 0.511562575 0.5042012734 0.4902907926 0.5047555023 0.5032230143 0.5051340267 0.504004115 0.5083731464 0.5001807469 0.5103133573 0.4996113234 0.4968692569 0.5036427558 0.5078174428 0.5021298741 0.4797791795 0.5101791924 0.4961561958 0.4958186842 0.4955422054 0.5130800085 0.475800064 0.5020800789 0.5082639861 0.5051878284 0.4990930546
0.5124210742 0.5012508045 0.5002323231 0.5047701268 0.5004271585 0.5074060389 0.5040568715 0.5086279515 0.505360964 0.5036521636 0.5023378448 0.5034681889 0.5158366382 0.5035635355 0.503706129 0.5038435294 0.5073990353 0.5061825887 0.5090577338 0.5051100847 0.4786556589 0.5090664988 0.4997259625 0.505317564 0.5115856037 0.5042099059 0.4908651688 0.5051870263 0.5037312905 0.5054999171 0.5040436019 0.5084817808 0.5002567422 0.5103044844 0.4996986777 0.4982689136 0.5040084955 0.5079379049 0.5021298741 0.4798235836 0.5102882453 0.4961511402 0.4959616468 0.4955894388 0.5130800085 0.475800064 0.502071692 0.5082611787 0.505195894 0.4993036451
0.512418743 0.5012650742 0.5002464025 0.5048635056 0.5004273647 0.5075873991 0.5041281779 0.5086306659 0.5054091494 0.5037476737 0.5024918991 0.5034991126 0.5158366382 0.5033415644 0.5044454794 0.5040574972 0.5071328184 0.5068072223 0.5092641544 0.5051104607 0.4816942922 0.5090874056 0.5005412581 0.5053300439 0.5117866953 0.5042262774 0.4909468138 0.5052292895 0.5037448721 0.5055099244 0.5042937483 0.508540646 0.5008350237 0.5100362657 0.5003736397 0.4982831474 0.504030253 0.5079421835 0.5021314085 0.4798507282 0.5103052739 0.4961561434 0.4959635494 0.4960420313 0.5130924711 0.4758129193 0.5020895977 0.5082610369 0.5052221978 0.4993691053
0.5125242807 0.5012658893 0.5003519407 0.5048639391 0.5005425854 0.5075875296 0.504145015 0.5086393533 0.5057033028 0.5037559282 0.5024930314 0.5034954441 0.5158437507 0.5034288001 0.5044454794 0.5044134997 0.5071329946 0.5081024651 0.5092861729 0.5053085843 0.4817040304 0.5090883142 0.5006217926 0.5053116451 0.5118032856 0.504238564 0.4913518564 0.505559205 0.5041249207 0.5056167943 0.5043232085 0.5085930361 0.5010612108 0.5100410623 0.5006890811 0.4983262748 0.5043567486 0.5080783022 0.5028961641 0.4798500825 0.5121553217 0.4964161012 0.4959440068 0.4960963374 0.513142325 0.4758076718 0.5020878073 0.5082917313 0.5052781227 0.4995497054
0.5124879972 0.5012727364 0.5005845455 0.5049768459 0.5012225221 0.5075875296 0.5052042864 0.5086464134 0.5057864006 0.5038163652 0.502557765 0.50351229 0.5158442452 0.5038280996 0.5044604424 0.5040270082 0.5072652881 0.5082239127 0.5087480099 0.5054020845 0.4818406264 0.5090919036 0.5006394594 0.5056697037 0.5123438157 0.5043044783 0.4914204286 0.5056829161 0.5041275353 0.5056448212 0.5043575185 0.5086278357 0.5042679973 0.5099379162 0.5007283911 0.4983262748 0.504501526 0.5083246871 0.5029272677 0.4798395092 0.5122295525 0.4964271666 0.4959388084 0.4967962688 0.5131460259 0.4758068993 0.5027911128 0.5083414139 0.5053143562 0.4995550963
0.5130633301 0.5012809094 0.5011917449 0.5049742902 0.5012378282 0.5077863957 0.5055568701 0.508650202 0.5057986291 0.5038366061 0.502557765 0.5037831753 0.5158442452 0.5039262047 0.5050714742 0.5040280437 0.5072758351 0.5082780957 0.508779199 0.5054378121 0.4818609568 0.5092686284 0.5006558728 0.5057280694 0.5123438157 0.5043397166 0.4914869262 0.5056973541 0.5041280554 0.5056433856 0.5043608588 0.5086421096 0.5042780588 0.5099623071 0.5008074399 0.4983314825 0.5041700367 0.5084122778 0.502964957 0.4798405998 0.5123120136 0.4964418783 0.4963828258 0.4968103962 0.5159199641 0.4758760364 0.5028441309 0.5086376015 0.5055385962 0.4995567444
0.5132761723 0.501297047 0.501205142 0.5049741252 0.5011928676 0.5077919346 0.5055535245 0.5089912243 0.5058905448 0.5040388155 0.5025644595 0.5037949301 0.5159301377 0.5041932528 0.5051336394 0.5041442681 0.507287741 0.5083626488 0.5088116638 0.5054433204 0.48197156 0.5115087265 0.500677347 0.5057276003 0.5123596472 0.5043408122 0.4919318706 0.5057260755 0.5044173928 0.5051405105 0.5043700869 0.508646545 0.5042933597 0.5099722403 0.5008764031 0.4983321175 0.5043397996 0.509055248 0.5030191148 0.4798483218 0.512578903 0.4964821675 0.4970984277 0.4968103962 0.515924186 0.4759032244 0.5028669398 0.5087965319 0.5055449582 0.4995823147
0.5137343358 0.505300898 0.5013624889 0.5049741252 0.5012044531 0.5077992518 0.5102956783 0.5086942238 0.5059011824 0.5047856451 0.5026132636 0.5038457891 0.5159391376 0.5045882349 0.5059174063 0.5041232579 0.5073813314 0.5083953937 0.5088647847 0.5054447802 0.4819776032 0.5116680605 0.5008136553 0.505739916 0.5124019185 0.5043590298 0.4921869262 0.5064163504 0.5051288342 0.5067696525 0.5043869324 0.5084642928 0.5043426314 0.509976036 0.5008693134 0.4983515336 0.504443852 0.5090947614 0.503028918 0.4798504718 0.5126666873 0.4964836487 0.4971164013 0.4968115473 0.5159197835 0.4759038486 0.5029773512 0.50880421 0.5057193211 0.4996753889
0.5138079031 0.5053251294 0.5015317438 0.5050261799 0.5012506504 0.5078174891 0.5106354016 0.5087176874 0.505950675 0.5048097724 0.5027689264 0.5038789763 0.515991541 0.5045977525 0.5059926709 0.5042387245 0.5073930879 0.5086787994 0.5088382193 0.5054715603 0.4825640547 0.5123697246 0.5008145317 0.5058548782 0.5124213487 0.5049509087 0.4931540992 0.5064341331 0.5056247371 0.5068109234 0.5044860166 0.5084646347 0.5084437597 0.5099580857 0.5008693134 0.4983515336 0.504550159 0.5091047714 0.503337476 0.480142843 0.5126717863 0.4968446967 0.4971191605 0.4972474564 0.5159379597 0.4760684013 0.502979201 0.5092621999 0.5073773907 0.5000014429
0.5138305582 0.5053440801 0.5019707176 0.505227627 0.5012530477 0.508014739 0.5111846635 0.5087348528 0.5061071332 0.5048503087 0.5027689264 0.5043781864 0.5159918837 0.5047502797 0.5059935366 0.5048554601 0.5073930879 0.5087470847 0.5090837607 0.5054840456 0.4828858106 0.5123773391 0.5008283853 0.5063937591 0.5124625975 0.5049475878 0.4943666189 0.5064479397 0.5056327198 0.5068401464 0.504508838 0.5085072543 0.5084784148 0.5097328883 0.5008817551 0.4983516504 0.5045863763 0.5091051786 0.5033597506 0.480142843 0.512674069 0.4969299176 0.4971058118 0.4972529875 0.5159446364 0.4760952365 0.5030742103 0.5087976919 0.5074826488 0.5000230887
0.5142416681 0.5056620033 0.5036557019 0.505318237 0.5021299315 0.5080143821 0.5112747404 0.508737305 0.5061689653 0.505363799 0.5029881681 0.5044125198 0.5160008611 0.5063158221 0.506299586 0.5054417889 0.5073891256 0.5091838686 0.5090738803 0.5054959339 0.4838646024 0.5123847299 0.5008420564 0.5064090904 0.51256108 0.5049759731 0.4944019937 0.5064360747 0.5056127778 0.506802265 0.504796791 0.5085318621 0.5086662695 0.5099306286 0.5008434073 0.4983605321 0.5049973357 0.5092765341 0.5034586694 0.480142843 0.512674069 0.4972981885 0.4971008715 0.4973139878 0.5159448818 0.4761127621 0.5030865491 0.5088517546 0.5075761202 0.5008184719
0.5142416913 0.5057241403 0.5036562857 0.5053406181 0.5020701334 0.5080744156 0.5123869259 0.5087394343 0.5062699548 0.5057457037 0.5030133402 0.5044026215 0.5158435986 0.5064634522 0.5063149577 0.5054525475 0.5074747978 0.5091948265 0.5092352042 0.5055352338 0.4839170392 0.5126530224 0.5008436974 0.5067176619 0.5125635712 0.5049857911 0.4945387324 0.5064401467 0.5056872667 0.5075914172 0.5049732667 0.5095985119 0.5087920816 0.5098855218 0.5008752959 0.4983610637 0.5050470734 0.5093189869 0.5034736906 0.4801465843 0.5126750931 0.4972862484 0.4971565418 0.4982180372 0.5159472052 0.4761163291 0.5035501673 0.5088630102 0.5078009194 0.5009634009
0.5142332807 0.5058162352 0.5036597838 0.5053399255 0.5020701343 0.5080961931 0.5124125272 0.5087494138 0.5071163617 0.505744424 0.5031852792 0.5044026215 0.5158956394 0.5068297097 0.5063211816 0.5054931874 0.507539701 0.5092381464 0.5092352042 0.5055405079 0.4839155486 0.5132248637 0.5008119524 0.5067244332 0.5126464541 0.5049898244 0.4946260737 0.5064487823 0.5058936043 0.507928342 0.5049965767 0.5096218058 0.508799996 0.5099033883 0.5008795152 0.4983809748 0.5052374064 0.509028159 0.5034787099 0.4801732359 0.5127113404 0.4973444493 0.4971542587 0.4995131791 0.5161390364 0.4761236101 0.503571317 0.5088630102 0.5078507218 0.5026717056
0.5142331601 0.5059274014 0.5036688129 0.5053616013 0.5040806067 0.5081033786 0.5134713763 0.5094876975 0.507166979 0.5057852583 0.5033335691 0.5044029059 0.515903193 0.5068835079 0.5063280702 0.5055127706 0.5075878366 0.5093698745 0.5112476912 0.5055750861 0.4839219133 0.5134235662 0.5017219431 0.5068028428 0.5126693824 0.5049898244 0.4947444701 0.5065242179 0.5058936043 0.5079370119 0.5050097982 0.5098935765 0.5093402116 0.5099067016 0.5002635431 0.4983658493 0.5052828829 0.5090707851 0.5035245232 0.4801771559 0.5135192886 0.4975902305 0.4971715904 0.5000455289 0.5161437791 0.4761890686 0.5043332488 0.5088630102 0.5083410928 0.5026722867
0.5142901764 0.5059479684 0.5038389239 0.5053665876 0.5041909138 0.5080986262 0.5135796888 0.509539466 0.5071745402 0.5057970571 0.5033550147 0.5054882333 0.5161087102 0.5070640443 0.5065317913 0.5055179057 0.5081130589 0.5094026477 0.5112954035 0.5057906548 0.4839368359 0.5134240383 0.5017180593 0.5068657058 0.5126806384 0.5050075852 0.4965775125 0.5069189311 0.5059262864 0.5079450105 0.5050165436 0.5099250064 0.509405766 0.509900371 0.5003729569 0.4983658493 0.5053069363 0.509071159 0.5035474488 0.4801734381 0.5135195392 0.4975955174 0.4972016989 0.5000455289 0.5161546018 0.4761959712 0.5043405579 0.5091457758 0.5084771338 0.5027355578
0.5143185737 0.506732894 0.5038697921 0.5052991675 0.5041761663 0.5084733476 0.5137133841 0.5095535586 0.5076057023 0.5058012971 0.5034323882 0.5059574685 0.5161102131 0.507066513 0.5065200318 0.5055657781 0.5084904378 0.509409427 0.511305156 0.505805805 0.4843160877 0.5135899333 0.5017213617 0.5068931056 0.5126806384 0.5050283438 0.4978490892 0.5067746509 0.5063444633 0.5079873756 0.5050719196 0.5098752397 0.509431837 0.5100278611 0.5005435043 0.4983658493 0.5054191901 0.5103606471 0.5040382977 0.4804334227 0.5135238965 0.4976586565 0.4972913692 0.500412776 0.5161659209 0.4762106557 0.5043662474 0.5106648191 0.5086534117 0.5027460174
0.5144329987 0.5072406907 0.5039461285 0.5053168055 0.5042440691 0.5084933415 0.5143904247 0.5095716539 0.5076358569 0.5058057406 0.5034455311 0.5059721995 0.5161102131 0.5071253814 0.5065388132 0.5055664179 0.5088034105 0.5094341993 0.5124469409 0.5058411934 0.4844151401 0.513674053 0.5018582134 0.5069330074 0.5126832811 0.5050549612 0.4981585255 0.50678299 0.5064422563 0.5080943854 0.5050928342 0.510271812 0.5094729937 0.5100278611 0.5010194541 0.4983662933 0.5054209543 0.5104808973 0.5040430596 0.4804347044 0.513534525 0.4977007864 0.4972940679 0.5004176668 0.5164815282 0.4762252942 0.5045174925 0.5107588005 0.5087102068 0.5027486239
0.514438493 0.5072529469 0.5040571996 0.5053725105 0.50428303 0.5084866487 0.5144119859 0.5095831261 0.5078989818 0.5058057406 0.503483945 0.5060000567 0.5161305643 0.5071782507 0.5066544389 0.5057631936 0.50883723 0.5094391374 0.5124313677 0.50586945 0.4852255245 0.5143504092 0.5020128651 0.5070168187 0.5126999675 0.5050619496 0.4981547583 0.5068752979 0.5067587666 0.5081050123 0.5050928342 0.5103741776 0.5094750888 0.5100278621 0.5008700166 0.4983663088 0.5059000771 0.5104890513 0.5041317737 0.4804596446 0.5135400337 0.4978054128 0.4973522376 0.5004200022 0.5164964305 0.4762252942 0.5045459699 0.5107914901 0.5088680506 0.5027855033
0.514471163 0.5072584907 0.5040784157 0.5055493358 0.5051224085 0.5085069676 0.5145219816 0.5096100063 0.5080443299 0.5058858268 0.5044683568 0.5060058365 0.5161338288 0.5071895647 0.5066544389 0.5062543691 0.5088589096 0.5096073743 0.5124364014 0.5068105885 0.4853342543 0.5143555397 0.5020288294 0.507032715 0.5128405319 0.505080849 0.4992847348 0.5068810978 0.5067588639 0.5088970996 0.5052639311 0.5107710791 0.5094761956 0.5107165819 0.5009976838 0.4984077513 0.5060143618 0.510896542 0.5041728341 0.4804713263 0.5135380815 0.4982868029 0.4974133542 0.5004760906 0.5165035299 0.4762409458 0.5045459357 0.5109466405 0.5092229909 0.5028075878
0.514522823 0.5073103472 0.5046669452 0.5052464413 0.5051383587 0.5090696478 0.5145537241 0.5096594119 0.5081543745 0.505899135 0.5044881782 0.506037701 0.5161338837 0.5066978488 0.5066423596 0.5062574332 0.5088540849 0.5096040209 0.5125360127 0.5068190542 0.4857010343 0.5145183374 0.5020498199 0.5071302297 0.5128493508 0.5055849191 0.4996156976 0.5068847802 0.5070530066 0.5089936195 0.5056338528 0.5107721797 0.5095399115 0.5107757098 0.5010077173 0.49842195 0.5060413065 0.5125856336 0.5041822188 0.4804962142 0.5135554338 0.4982868029 0.4975268572 0.5008386395 0.5165035299 0.4762409458 0.5054844971 0.5111625943 0.5093440167 0.502810782
0.5148222157 0.5077062739 0.5046770122 0.5054645089 0.5054067315 0.5091061353 0.5145803006 0.5096650056 0.5081603255 0.5079072929 0.5033174087 0.5060452601 0.5161630069 0.5080801825 0.5066423596 0.5063806031 0.5088535045 0.5099278515 0.512568247 0.5069712572 0.48583064 0.5159248867 0.5020854542 0.5071618501 0.5128524491 0.5055869092 0.5001219954 0.507106126 0.5071133977 0.5089874069 0.5056368031 0.510784491 0.5096984925 0.5107924201 0.5010099887 0.49842195 0.5060842174 0.5108409589 0.5042229878 0.4809079762 0.5135605558 0.4987882397 0.497527267 0.500913689 0.5165256152 0.4762384809 0.5060568994 0.5111628404 0.5093883433 0.5028304224
0.514822565 0.5077097953 0.5050506808 0.5054744656 0.5054263873 0.5096079976 0.5146015289 0.5096937923 0.5081715179 0.5079074326 0.5033174087 0.5061287602 0.5162189234 0.5081406782 0.5067161185 0.5063965754 0.5088535045 0.5101370048 0.5125635995 0.5069778238 0.4865059665 0.5159792635 0.5027983804 0.5071912541 0.5128992309 0.5055877392 0.501443676 0.5072928705 0.5071159583 0.5089998916 0.5057603223 0.5110181584 0.5097023137 0.5108581821 0.5012538437 0.4985443598 0.506274501 0.5108452663 0.5042561557 0.4832465758 0.5137933517 0.4988871796 0.4978381008 0.500914897 0.5165090076 0.4762384809 0.5060910023 0.5111628404 0.5094863552 0.5029923904
0.5148225714 0.5081259748 0.5050497204 0.5055099621 0.5055793033 0.5096079976 0.5147321044 0.5094507896 0.5083079239 0.5080252903 0.5033915975 0.5061337464 0.516220488 0.5081647038 0.506714344 0.5063985714 0.5088580271 0.5101635443 0.5125847217 0.5070152021 0.4865425558 0.51601745 0.5030941265 0.5072857552 0.5136089708 0.5055933544 0.5023766413 0.5073026423 0.5071735371 0.509007022 0.5070616319 0.511210897 0.5097763797 0.5108611946 0.5012614998 0.4985443598 0.5064439622 0.5110917713 0.5055103568 0.4832465758 0.5137978448 0.499080556 0.4986395434 0.5009239863 0.5165092481 0.4762697431 0.5068406718 0.5111624398 0.5096030326 0.5030164973
0.5148225714 0.5081387082 0.5051647944 0.5050466438 0.5055805739 0.5096092708 0.5148677563 0.5094567571 0.5083796581 0.5085603852 0.5034025253 0.506178877 0.5162389621 0.5081930511 0.507181813 0.5064009637 0.5097525236 0.5105511242 0.5126100981 0.5070152021 0.4866463757 0.5160285412 0.5034497173 0.5072847493 0.5152245234 0.5055987281 0.5024104792 0.5083187764 0.5071800695 0.5090475559 0.5070621709 0.5112224861 0.510432025 0.5110417988 0.5012646046 0.4985536959 0.5064570873 0.5111415211 0.5069135963 0.4832491531 0.5138015537 0.499126627 0.4986678247 0.5009251633 0.5165830675 0.4762797606 0.5072220524 0.511151917 0.5100153982 0.5030908885
0.5148585678 0.5082968652 0.5051988292 0.5050533552 0.5055729928 0.5096316312 0.5148963392 0.5097214542 0.5083876984 0.5086397153 0.5034837121 0.5061789921 0.5162394084 0.5081948272 0.507181813 0.5064074275 0.5098631539 0.510553568 0.5126844256 0.5071117328 0.4868804585 0.5161817564 0.5059030684 0.5072939022 0.515513066 0.5055987125 0.5025875576 0.5083625644 0.5072180961 0.5091871798 0.5070627686 0.5112169364 0.5110263216 0.511046804 0.5012646046 0.4985536959 0.5090701507 0.511150559 0.5069135963 0.4832504141 0.513795266 0.4991365977 0.4993885365 0.5009046044 0.5166846974 0.4767084287 0.5072248756 0.5111513776 0.5103027941 0.503095341
0.514767908 0.5083240254 0.5052611464 0.5050955057 0.5062699519 0.5098444508 0.5153144093 0.5100419385 0.5083883153 0.5086184702 0.5034840218 0.5061851253 0.5162394084 0.5082047344 0.507190984 0.5064049025 0.5098631539 0.5105760271 0.5127548503 0.5070043894 0.4872297741 0.5163119947 0.5059162738 0.5072970943 0.5155156524 0.5056118872 0.5026245825 0.5085484403 0.5072498616 0.5103662681 0.5070644893 0.5112244255 0.5110452325 0.5110517544 0.5012646046 0.4987436061 0.509109444 0.511689416 0.5070686059 0.4833175816 0.5140037843 0.4992631505 0.5064366038 0.5009046044 0.5167040271 0.4767084287 0.5072583153 0.511185974 0.5103297436 0.5030961576
0.5147691293 0.5083924256 0.5052677562 0.5050955057 0.5082209238 0.5098445688 0.5153604178 0.5100519562 0.5092798732 0.5086241779 0.5035777457 0.5062040392 0.5163984355 0.5082787085 0.5071918102 0.5064049025 0.509877155 0.5105375344 0.5127851135 0.5069996696 0.4874019293 0.5163772416 0.5059292728 0.5073049657 0.5155495954 0.5056086431 0.5027798774 0.508575436 0.5071945869 0.5103683476 0.5070715729 0.5112775313 0.5110700031 0.5110507436 0.5012785249 0.4988054078 0.5099081775 0.5118062858 0.5070685233 0.4833175816 0.5141984058 0.4992637685 0.5064353024 0.5010354883 0.5169831303 0.4767089522 0.5072692733 0.511186232 0.5103814686 0.5031566498
0.5147902294 0.5083625847 0.50526836 0.5051072923 0.5083940737 0.5098600565 0.5157842579 0.510171251 0.5093279555 0.5086421933 0.5036041506 0.506373914 0.5164116981 0.5082811575 0.507203404 0.5064057005 0.509877155 0.5105375344 0.5128271363 0.507007772 0.4874772938 0.5165067663 0.5065625151 0.507365945 0.5161802185 0.5055416405 0.5037435155 0.5086729533 0.5071947894 0.5105180676 0.5078286927 0.5115586012 0.5110733875 0.5110512068 0.5013089505 0.5005861582 0.5099443473 0.5121184887 0.5070640373 0.4833179097 0.514194592 0.4993879767 0.5064358316 0.5010462444 0.5169815681 0.4767093529 0.5072271475 0.5112097094 0.5104343437 0.5032756495
0.5148051742 0.5084323341 0.5053046352 0.5051321359 0.5084764871 0.509954669 0.5158730293 0.5112386161 0.5093414318 0.5086421933 0.5036041506 0.5064334366 0.5164120691 0.5083289085 0.5072190243 0.5066107988 0.5099084878 0.5105375344 0.5128468029 0.5070098215 0.4875588165 0.5166849871 0.506536803 0.50736676 0.5162939048 0.5055434584 0.5037342337 0.508678388 0.5072597529 0.511125925 0.5078417328 0.5115586037 0.511129434 0.511161979 0.5013089505 0.5006053977 0.5101643228 0.5121190663 0.5070989206 0.4833179097 0.514194592 0.4994005398 0.5064328594 0.5010616825 0.517074016 0.4767124403 0.507253507 0.5112012045 0.5105945132 0.5034985088
0.5148051905 0.5084393722 0.5060428324 0.5051339886 0.5086735978 0.5095750111 0.5161544554 0.5112411417 0.509351326 0.5088687779 0.5036047025 0.5066308281 0.5164131593 0.5083406879 0.5072418345 0.5066310968 0.5104578722 0.5105376548 0.5128846727 0.5073224145 0.4874355151 0.5169133018 0.5053383526 0.5075046766 0.5162947492 0.5062744992 0.5038766162 0.5087101469 0.5072211867 0.5111405068 0.507843246 0.5115517212 0.5117229725 0.511178439 0.501315582 0.5006146199 0.5101802939 0.51288558 0.507089033 0.4833179097 0.5141969696 0.499400677 0.5064329684 0.5009833369 0.5169288562 0.4767072802 0.5072294296 0.5112037987 0.5106210679 0.5042299904
0.5148068611 0.5084658753 0.5060440224 0.505155707 0.5086784394 0.5095742181 0.5161608443 0.5112424234 0.5094175757 0.5088533776 0.5036068562 0.5068898894 0.516384957 0.5086626355 0.507449226 0.5066365501 0.5108954415 0.5105376549 0.5129226606 0.5073226471 0.4874423206 0.5196455545 0.5055175485 0.5075232551 0.5164708826 0.5068940932 0.5041285932 0.5086594049 0.5072210239 0.5111608163 0.5078536576 0.5115849614 0.5117674975 0.5111785351 0.501336143 0.500614721 0.5102118449 0.5129316649 0.5072057898 0.4833179097 0.5142874889 0.4993920101 0.5064334284 0.5020758163 0.5169297145 0.4767072802 0.5072462284 0.5112067766 0.5109251999 0.5042637129
0.5148402244 0.5084898808 0.5060107148 0.5054136136 0.508707776 0.5096491238 0.5161859246 0.5114305731 0.5103292132 0.5088609903 0.5036074519 0.5069080711 0.5163880164 0.5086914245 0.5074497525 0.506631253 0.5108954415 0.5105460122 0.5130199997 0.5073226779 0.4876367134 0.5196462643 0.5055740316 0.5075767003 0.5164708826 0.5069021247 0.5042029528 0.5086591089 0.5072404602 0.5111607462 0.5078757386 0.5116282595 0.5117902837 0.5111785351 0.5013633579 0.5006441534 0.5102342984 0.5129361377 0.5074841264 0.4834059044 0.5143198495 0.4993920872 0.5064709142 0.5022633356 0.5169338211 0.4769295945 0.5072754139 0.5112098064 0.5110873229 0.5043087739
0.514894455 0.5088462251 0.5077235332 0.5054141203 0.5087613969 0.5097013734 0.5168105985 0.5114484994 0.5107208289 0.5088673484 0.5036428299 0.506901493 0.5164018252 0.508885183 0.5077106129 0.5066733723 0.5109096922 0.5119320564 0.5131430183 0.507983919 0.4876643342 0.5198320102 0.5055711896 0.5077004914 0.5165215091 0.5070347819 0.5041227433 0.5086892871 0.5073742894 0.511167727 0.5078937591 0.5122826701 0.5124782055 0.5111937324 0.5013711669 0.5006475864 0.5108882825 0.512953291 0.5074851399 0.4835333279 0.5146520103 0.4995755534 0.5065115619 0.5022637961 0.516933992 0.4769356219 0.5073110745 0.5112255577 0.5111445095 0.50432607
0.5149172546 0.508879731 0.5077408231 0.5064437565 0.5087701974 0.5097056526 0.5183166605 0.5114484657 0.5114090143 0.5088657699 0.5037935432 0.5068986417 0.5164018252 0.5090349776 0.5077816769 0.5066801769 0.5109128243 0.5119320564 0.5131319341 0.5079951906 0.4889347073 0.5199211998 0.5058421265 0.5077343313 0.5164993991 0.5070481152 0.5041124788 0.510396634 0.5074178156 0.5112045939 0.5078900859 0.5124908034 0.5126239481 0.5112064246 0.5014404799 0.5006686268 0.5109258097 0.5129564152 0.507492798 0.484017663 0.5146583991 0.4999785154 0.5065140389 0.5037477214 0.5169040438 0.4770000954 0.5074203184 0.5112662875 0.511759298 0.5043054392
0.5149422273 0.5087901571 0.5077436936 0.5064438411 0.5094354078 0.5140634146 0.5187131209 0.5115232187 0.5114776649 0.5088929841 0.503823614 0.5068986417 0.5164342397 0.509177978 0.5078009301 0.5073090856 0.5111519887 0.5117754247 0.5131730148 0.5080075078 0.4889624245 0.5204157216 0.5058429566 0.5077414536 0.5166411656 0.5070678056 0.5041765814 0.5103969619 0.5076906318 0.5123957031 0.5079442618 0.5124909415 0.5127053426 0.5114689544 0.5021462294 0.5007092128 0.5109580865 0.5129541998 0.5073513961 0.484028216 0.5146894798 0.4999818482 0.5066307356 0.5037477214 0.5170946045 0.4770000954 0.5115980625 0.5113040049 0.5123314987 0.5043040922
0.5149873767 0.5090685465 0.5077534108 0.5062907484 0.5094723826 0.5141004111 0.5187921614 0.5115232187 0.5114862212 0.5089706279 0.503823614 0.5069428143 0.5173147824 0.5091782052 0.5078027058 0.5074643696 0.5112382612 0.5117824192 0.5133082642 0.5080075078 0.4890642326 0.5208702913 0.5064289398 0.5077474559 0.5166640153 0.5070678056 0.5042026936 0.5103973693 0.5077644113 0.5124156179 0.5079603153 0.5125079084 0.5140179934 0.5114689544 0.502151538 0.5007114467 0.5109730486 0.5130415647 0.5073513961 0.4840283403 0.5146956115 0.5000147243 0.5082263134 0.5042829709 0.5170996707 0.4770005073 0.511704239 0.5113232336 0.5123556547 0.5043041363
0.5161988492 0.5094719189 0.5077732254 0.5062981811 0.5094728693 0.51414081 0.5186130472 0.5115232187 0.5114865644 0.5090934536 0.503823614 0.5070023972 0.5173096102 0.5091847903 0.507803127 0.5073668556 0.5112369533 0.5117824192 0.5133597183 0.5080029446 0.4916765932 0.5212360859 0.5064291059 0.5077460928 0.5166771215 0.5070662714 0.5042662499 0.5104657229 0.5077830777 0.512394852 0.507956478 0.512508689 0.5140213357 0.5114736749 0.5021527773 0.5007061854 0.5118827302 0.5131198737 0.5074596257 0.4841628817 0.514705425 0.5001590808 0.5082544878 0.5042960896 0.5170993359 0.4769999228 0.5117401056 0.5113266524 0.5124864529 0.5043063498
0.5162009613 0.5098417086 0.5079020181 0.5062981811 0.5095185722 0.5140470547 0.5189093183 0.5117057384 0.5116012014 0.5091909827 0.5038267421 0.5071074038 0.5173096102 0.5092992232 0.5079118287 0.5073667346 0.5112748736 0.5117871247 0.5133812776 0.5080038549 0.4917209027 0.521409315 0.5082946059 0.5077409374 0.5165623817 0.5070768968 0.5043191235 0.5109108851 0.5078384446 0.5123992607 0.507992285 0.5125798597 0.5140834852 0.511620738 0.5022656516 0.5007047338 0.5119098218 0.5134499889 0.5074737211 0.4841708785 0.5150181058 0.5001590808 0.5082741118 0.5043314113 0.5171212723 0.4769999228 0.5117843443 0.5113446261 0.5126030124 0.5047720011
0.5162140124 0.5098958305 0.5079020181 0.5063122135 0.5095808885 0.514056733 0.5189330892 0.5117139897 0.5125353032 0.5094257809 0.5038349812 0.5071150301 0.5173098462 0.5094770941 0.5079118287 0.5073779757 0.5113347733 0.5120660107 0.5135856532 0.5080604158 0.4917478541 0.5216038116 0.508294606 0.5077409374 0.5165619567 0.5070768968 0.5046741984 0.5109217863 0.5080479023 0.512539145 0.5082747392 0.5125542292 0.5141424255 0.5116284501 0.5023685804 0.5007266077 0.5119144957 0.513456306 0.5074823654 0.4841852657 0.5150198318 0.5002256763 0.5083527024 0.504336746 0.5171259169 0.4769999228 0.5118121481 0.5113446261 0.5126033412 0.5047704275
0.5162071813 0.5099655794 0.5080472677 0.5063177877 0.5098509979 0.5140576742 0.5193012047 0.5117141437 0.5125766153 0.5094259883 0.5040628811 0.5073656392 0.5174837689 0.5096352047 0.5079322981 0.5073779757 0.5113347684 0.5120704514 0.5135987615 0.5080728052 0.4913800048 0.5217539092 0.5083039995 0.5077412217 0.5176887986 0.507264927 0.5046862739 0.5109344111 0.508046958 0.5125395866 0.5082770074 0.5125659935 0.5142004585 0.5118067486 0.5023775923 0.5007311969 0.5119398448 0.5134629645 0.5074934243 0.4841903373 0.5150200809 0.501182914 0.508472466 0.5043743478 0.5171290439 0.4771903217 0.5118243723 0.5113626351 0.5127666757 0.5047729079
0.5163606894 0.5099066754 0.5080561203 0.5066513428 0.5098636955 0.5140713027 0.5196071226 0.5117135868 0.5125796283 0.5094319077 0.5048841464 0.5074512802 0.5174837689 0.509654273 0.5114316436 0.5076475154 0.5113289932 0.5120821917 0.5137777026 0.5080967945 0.4918536456 0.5218131747 0.5083120283 0.5077412217 0.5177644665 0.5078010515 0.5048093123 0.5109344439 0.5080357369 0.5124364664 0.5083325587 0.5127775637 0.5141683251 0.5118109907 0.5023783055 0.5007912472 0.5123267014 0.5134686109 0.5074952997 0.4841905852 0.5150205353 0.5011925667 0.5086144652 0.5043275495 0.5171418122 0.4771970445 0.5118232637 0.511353024 0.513117972 0.5048316565
0.5163614484 0.5099537688 0.5080924652 0.5066513428 0.5103054229 0.5147001767 0.519757469 0.5121349758 0.5125809301 0.5095225794 0.5048860462 0.5074604722 0.5175342386 0.5096774992 0.5114429944 0.5076475154 0.5116129773 0.5127070572 0.5139277651 0.508089895 0.4918696201 0.5219365853 0.5086040352 0.5077659155 0.517782633 0.5078170485 0.5049968296 0.5110143553 0.5080692446 0.5124364664 0.5083333264 0.5127783498 0.5141704042 0.511810999 0.5023910347 0.5008138688 0.5126460078 0.5134964748 0.5078070497 0.4841901885 0.5150205353 0.5014850377 0.5086171108 0.504537349 0.5171418262 0.4772322812 0.5119592084 0.5113532165 0.5131741674 0.5048465135
0.5163615769 0.5099619854 0.5081097286 0.5066666765 0.5103248706 0.5151988316 0.5197758243 0.5124248018 0.5125929478 0.5095225794 0.5049354157 0.5090689846 0.5175342386 0.5096976215 0.5115788275 0.5078659815 0.5116129773 0.512710226 0.5139902019 0.5080335019 0.4918726284 0.5220082166 0.5086040352 0.5077719447 0.5177703743 0.5078228515 0.5052795181 0.5110414862 0.5084014668 0.5124391544 0.5107970431 0.5127790607 0.5141911018 0.5118706353 0.502784846 0.5008243131 0.5126480002 0.5145988058 0.5078020423 0.4841911904 0.5153021325 0.5013637979 0.5086171189 0.5045444182 0.5171539787 0.4772318658 0.511975935 0.5114578122 0.5132096848 0.5048122693
0.5163700955 0.5099657265 0.5081163784 0.5066666765 0.5103368929 0.5152006466 0.5197940646 0.5124292237 0.5126326039 0.5095239636 0.5049315711 0.5091823506 0.5175734685 0.5097507188 0.511578483 0.5078672106 0.5116218091 0.512710242 0.5147890649 0.5088602585 0.4918760471 0.5227105751 0.5086244889 0.5077785078 0.5177703743 0.5078409982 0.5053006324 0.5110431514 0.50843029 0.5134602531 0.5109316104 0.5129834219 0.5141911258 0.511980581 0.5036232749 0.5008323949 0.5126560639 0.514660155 0.5078476275 0.4842724117 0.5153021325 0.5014284509 0.5086935324 0.5048723489 0.5170744727 0.4772318658 0.5119765488 0.5114580826 0.513306465 0.5052134155
0.5163802271 0.5100703446 0.5084394327 0.5066774844 0.5103495036 0.515220241 0.5198688029 0.5124042553 0.5129445492 0.5095132484 0.5049315711 0.5092341188 0.5175808574 0.5097623013 0.5115824085 0.5083467964 0.5122298662 0.5127173239 0.5148231939 0.5088556977 0.4918903763 0.5228466991 0.5086331554 0.5083045299 0.51777058 0.5078409982 0.5058278414 0.511049712 0.5086343326 0.5143233522 0.5109429085 0.5131488592 0.5145423421 0.5119864128 0.5036265062 0.5010449488 0.5126864402 0.5146584018 0.5078476421 0.4842730394 0.5151898692 0.5014647949 0.5086941227 0.5048723623 0.5171295291 0.4772710464 0.5119885099 0.5114580826 0.5141202586 0.5053825392
0.516504611 0.5101977542 0.5096778286 0.5066816335 0.5106982696 0.5152606121 0.5204496792 0.5126238582 0.5131522283 0.5095236516 0.5049392756 0.5092341188 0.5175808574 0.5097938689 0.5116445215 0.5083730014 0.5122393161 0.5127482567 0.5148618694 0.5088567879 0.4920021186 0.522848049 0.5086618923 0.5086222347 0.5177713017 0.507847067 0.5059030918 0.511052766 0.5094930873 0.515768895 0.5109497999 0.5131527261 0.5145962278 0.5119871788 0.5036374758 0.5013217305 0.5126892506 0.5147764275 0.5078655917 0.4843183266 0.515193814 0.5016655441 0.5097738457 0.5066715531 0.517129689 0.4773585576 0.5119904063 0.5114520772 0.5142383076 0.5056122446
0.5165154266 0.5112146081 0.5096230286 0.5067173471 0.5107337478 0.5152659571 0.520704821 0.5126238582 0.5131566364 0.5094892079 0.5049476448 0.5091614373 0.5176036917 0.5097250001 0.5116445215 0.5084190585 0.5122393161 0.512748246 0.5152552219 0.5091281275 0.492009677 0.5232527796 0.5086680076 0.508624363 0.5177757005 0.5078662221 0.5058913295 0.5110613621 0.5096165398 0.5157740325 0.5109497999 0.5131671581 0.5145948097 0.5123805872 0.5040484241 0.5013508936 0.5127085298 0.5147892205 0.5079322901 0.4843183266 0.5152065007 0.5016797253 0.5097738457 0.5065052797 0.5171297362 0.4773585576 0.5121868751 0.5114531251 0.5142651285 0.5068230093
0.5165123329 0.5158133879 0.5097800867 0.5067778611 0.5107346896 0.5153381401 0.5209865612 0.5126569011 0.5131280412 0.5096172629 0.5050218724 0.5091653845 0.5176047545 0.5101567154 0.5116652317 0.5083925201 0.512272284 0.5127650881 0.5152735834 0.5091440436 0.4920116311 0.523468391 0.5087551067 0.5087865022 0.5178248406 0.5082701744 0.5063467733 0.5110613257 0.5098951773 0.5157810275 0.5109505387 0.5131297354 0.5148387743 0.5123716164 0.5042157965 0.501878975 0.5127204041 0.5162140495 0.5079330136 0.4843183266 0.5152189592 0.5016952652 0.5097957105 0.5065083536 0.5171192015 0.4774041189 0.5121880506 0.5115307462 0.5147208259 0.5068372217
0.5165635829 0.516118386 0.5102187454 0.5067778611 0.5107342266 0.5153680655 0.5211940804 0.512652516 0.5132612212 0.5096296672 0.5059487615 0.5091799151 0.5176228824 0.510264792 0.5118373892 0.5084427518 0.512257153 0.5127650881 0.5156331863 0.5092746136 0.4924298349 0.5234769527 0.5091450573 0.508829778 0.5178326469 0.5085559997 0.5069183164 0.5110889171 0.5111460933 0.5157689877 0.5110195527 0.5131343464 0.5148505688 0.5123882512 0.5045494464 0.5019140837 0.5127536077 0.5165105252 0.5079377653 0.4844991048 0.5152182414 0.5016952652 0.5097978356 0.5065084565 0.5171979555 0.4774041189 0.5121880506 0.5115397648 0.5147509222 0.5075066211
0.5165778113 0.5161259186 0.510229104 0.507001644 0.5110157018 0.5153882188 0.5212371824 0.5127985681 0.5132612212 0.5096349968 0.5059487615 0.5091927399 0.5176276055 0.5102654104 0.5121863472 0.508444527 0.5124970994 0.5127658056 0.5171533004 0.5099555826 0.4924286952 0.5234823868 0.50918801 0.5088419359 0.5181512629 0.5085683556 0.5069545215 0.5110969814 0.5111633978 0.5159712567 0.5120022774 0.5131343464 0.5148811378 0.5123906712 0.5046119835 0.5030644665 0.512788414 0.5171263605 0.5079441321 0.4845197891 0.515217006 0.5017137166 0.5111737292 0.5065126619 0.5172301663 0.4774151231 0.5121880506 0.511542555 0.514918854 0.5077259956
0.5165778163 0.5162863938 0.5102299028 0.507001644 0.5110155388 0.5154517478 0.5213948846 0.5127985681 0.5134890072 0.5096336857 0.5059487615 0.5092641455 0.5176304787 0.5103689329 0.5121882855 0.5094135286 0.5125137407 0.5127938947 0.5171536248 0.5099555957 0.4925527741 0.5235032683 0.5091925928 0.5088424501 0.5181609657 0.5085860432 0.5073742551 0.5111129446 0.5112418425 0.5159787468 0.5121486002 0.5132253397 0.5148825667 0.5124038186 0.5046624755 0.5033830794 0.5128304927 0.5171301927 0.5085865963 0.4845219673 0.5152195001 0.5017221767 0.5111754828 0.506512667 0.5176817399 0.4774151231 0.5122344969 0.5116760857 0.5151294177 0.5077329436
0.516663575 0.5163099898 0.5102299556 0.5070961176 0.5110351286 0.515955402 0.5214536773 0.5127990471 0.5138166522 0.5096346745 0.5059487615 0.509331017 0.5178028108 0.5106577634 0.5121882855 0.5094477088 0.5135546342 0.512713257 0.517142244 0.5099558649 0.4925512768 0.5235167115 0.5093643245 0.5089284774 0.5181624024 0.5087184283 0.5073833464 0.5111126307 0.5112870434 0.5159825231 0.512336226 0.5132254217 0.5148825667 0.5124228602 0.505463057 0.5050791179 0.5128577906 0.5172527965 0.5087297664 0.4845397446 0.5152188419 0.5026932768 0.5113606914 0.5065136398 0.5178849185 0.477417138 0.5134666064 0.511736773 0.515472597 0.5087088767
0.5166644148 0.516804753 0.5102464739 0.5070999428 0.5110351286 0.515955402 0.5220279414 0.5127977837 0.5140357802 0.5096552388 0.505960225 0.5093426492 0.5178028108 0.5106627225 0.5122022446 0.5094702608 0.5136258754 0.5127154447 0.5172035533 0.5099581846 0.4925813353 0.5235229349 0.5093635112 0.5089488045 0.5181893159 0.5092086889 0.5078437804 0.5111331202 0.5112894511 0.5160052678 0.5123639614 0.5132258449 0.5148829161 0.51243707 0.505588835 0.5050921496 0.5128711299 0.5173210304 0.508730581 0.4845472688 0.5152195101 0.5027716292 0.5114022896 0.5065140045 0.5178849185 0.4774173626 0.5137741891 0.5118345841 0.5155691108 0.5109150412
0.5166638099 0.5168933219 0.5102349403 0.5071680513 0.511033101 0.5159731337 0.5221249396 0.5127996121 0.5142700162 0.5096919138 0.5061087843 0.5093727452 0.5177955521 0.5106713803 0.5128216617 0.5094678792 0.5136444803 0.5127152193 0.5172406947 0.5099441311 0.49268554 0.5235241253 0.5095554639 0.50925785 0.5182042193 0.5092162979 0.507886195 0.5111519432 0.5112899988 0.5160087895 0.5124424918 0.5133026297 0.5149015956 0.5124374836 0.505603272 0.5051816718 0.5128711318 0.5168168228 0.5088032531 0.4845473791 0.5152323669 0.5028309877 0.5114022896 0.5073476203 0.5179721459 0.4774103424 0.513782948 0.5118350731 0.5159519845 0.5118991846
0.5166634642 0.5168748912 0.5102438738 0.507239833 0.5110520782 0.5160504787 0.5224451658 0.5128100825 0.5147046774 0.509728071 0.5061161025 0.5093727452 0.5177955521 0.5106720862 0.5129921377 0.5102601938 0.5136449887 0.5127165279 0.5172799083 0.5100612285 0.492689716 0.5235665253 0.5095557527 0.5092601605 0.5182039715 0.5092098428 0.508540455 0.5111417956 0.5115279806 0.5164501602 0.5132091909 0.513308465 0.5157003444 0.5124374836 0.5056049895 0.5068138999 0.5129008906 0.516821863 0.5088057266 0.484549073 0.5152499727 0.5030303841 0.5113896228 0.5073406008 0.5179766674 0.4774155124 0.5138668938 0.5118350731 0.5160254692 0.5118944515
0.5166715012 0.5168767544 0.5103642026 0.5072385543 0.5110637514 0.5168123086 0.5225409825 0.5128118884 0.5147397064 0.5097261524 0.5062400791 0.5094023511 0.517811198 0.5106768661 0.5129927174 0.5102611894 0.5136862597 0.5127160482 0.5173000694 0.510347935 0.4928384099 0.5236235042 0.5095698508 0.5093722562 0.518199431 0.5092319936 0.5084903996 0.5111585653 0.5115313082 0.5165952888 0.5132171683 0.513311318 0.5157219744 0.5124722845 0.5054735147 0.5069414481 0.5130616942 0.5168387811 0.508870421 0.4846533263 0.5162879327 0.5030499678 0.5114071353 0.5073481437 0.5179811637 0.4774210078 0.51404452 0.5118350731 0.5160254692 0.5124042295
0.5167465855 0.5168038372 0.5103780537 0.5072406518 0.5110820664 0.5169131463 0.5225906532 0.5128119554 0.5147757241 0.5097295938 0.5062400791 0.5094029587 0.5178175385 0.5106811751 0.5134121857 0.5103830673 0.5136912989 0.5127200437 0.5174289151 0.5106251367 0.4928384099 0.5236937195 0.5095697661 0.5093867404 0.5181995555 0.5092261301 0.5085739941 0.5111796065 0.5119825313 0.5166436416 0.5132190065 0.5134437301 0.5157569992 0.5128373573 0.5054848143 0.5070069332 0.5131994309 0.5172235185 0.5088474023 0.4846588376 0.5162879327 0.5030509387 0.5114790533 0.5074773128 0.5179834538 0.4774216837 0.5140885854 0.5118390233 0.5163180333 0.5125035837
0.516747884 0.5168038605 0.5103969359 0.5072376025 0.51108467 0.5173863905 0.5226559592 0.5128209759 0.514806297 0.5098626403 0.5062718195 0.5094311667 0.5178288863 0.5106818289 0.5134223287 0.5103833946 0.5136994938 0.5129262451 0.5176979018 0.5106294128 0.4928348228 0.5237040179 0.5104399983 0.5098652262 0.5181813975 0.5092286178 0.5093550562 0.5111808294 0.5119870186 0.517007962 0.5132059899 0.5134437301 0.5162042704 0.5128381049 0.5054962531 0.5071020238 0.5132559229 0.5172404865 0.5088488351 0.484674345 0.5164572489 0.5030509387 0.5114792676 0.5075036033 0.5180014414 0.4774353486 0.5140721252 0.5121869191 0.5164031771 0.5125842108
0.5168909034 0.5168053416 0.5103973407 0.5072394078 0.5112557474 0.5174022469 0.5226817383 0.5128157869 0.5150281388 0.5098653932 0.5065494588 0.5094360824 0.5178291077 0.5106875644 0.5134224038 0.5103782989 0.5137517912 0.5142795966 0.5177275216 0.5106426158 0.4928368425 0.5239093787 0.5104422631 0.5098764715 0.5189024775 0.5092298312 0.5093612434 0.5112584148 0.5120204726 0.5170073136 0.5132722097 0.5134590945 0.5162065742 0.5133918964 0.5054971933 0.5071509085 0.5132676464 0.5172452182 0.5088595247 0.4846789785 0.5164572489 0.5030509387 0.5115138508 0.5075036079 0.518401289 0.4774353486 0.514078466 0.5122099144 0.516435066 0.5136206589
0.5168947276 0.5169750719 0.5103970401 0.5072397508 0.5112594255 0.5174022469 0.5227531175 0.5128163118 0.5156970528 0.5099234148 0.5067417317 0.5093346675 0.5178405958 0.5108863311 0.5134241463 0.5103846476 0.5137615806 0.514220191 0.5175815949 0.5106440168 0.4929655809 0.5239078378 0.5104687595 0.5098827091 0.5188923024 0.5096885225 0.509361927 0.5112584818 0.5120286828 0.5170088218 0.5132722097 0.5140778755 0.5162065742 0.5133918964 0.5054950956 0.5071546798 0.5133014616 0.5172605013 0.5091345124 0.4846820321 0.5164622514 0.5030509387 0.5115027333 0.5075379662 0.5184013167 0.4774531741 0.5140802589 0.5119979156 0.5164476496 0.5137407869
0.516897883 0.5169753155 0.5102214047 0.5072455577 0.5112597816 0.5174114214 0.5228309146 0.5128163118 0.5159375156 0.5099378362 0.5069549997 0.5093346675 0.5178406077 0.5108908656 0.5145078698 0.5104188049 0.5140352377 0.5142590859 0.5175849549 0.5106438472 0.4929689081 0.5239128716 0.5104811916 0.5098827091 0.5189111388 0.5097255334 0.5094330238 0.5113084658 0.5120286828 0.5170148171 0.513331737 0.5140778755 0.5163557293 0.5134015793 0.5054958316 0.5071360103 0.5133287931 0.5172595302 0.5091347816 0.4848389065 0.5165779014 0.503078298 0.5115028773 0.5075404753 0.5184013167 0.4774615127 0.5140803792 0.5120147328 0.5164904943 0.5137948176
0.516925807 0.5170054883 0.5102214389 0.5072517154 0.5112597845 0.5176053933 0.5230290231 0.5128163118 0.516036002 0.5095850649 0.5069754649 0.5093340353 0.5178406077 0.5108903958 0.5145078698 0.5104193111 0.5140807788 0.5145642175 0.5175889549 0.5106552083 0.4929839947 0.5240203001 0.5107679985 0.5098837733 0.518926084 0.510478969 0.5100015953 0.5115421634 0.5120351251 0.5170085865 0.5133421262 0.5140780183 0.5163635259 0.5134379007 0.5055933526 0.5071359555 0.51383183 0.5172617676 0.5089354657 0.4850476867 0.5165915638 0.503078298 0.5115045088 0.507549152 0.5184013787 0.4774622882 0.514002154 0.5120147582 0.5165046206 0.5138173455
