0.000000000000000000e+00 0.000000000000000000e+00 0.000000000000000000e+00 0.000000000000000000e+00 0.000000000000000000e+00
0.000000000000000000e+00 0.000000000000000000e+00 0.000000000000000000e+00 0.000000000000000000e+00 0.000000000000000000e+00
0.000000000000000000e+00 0.000000000000000000e+00 0.000000000000000000e+00 0.000000000000000000e+00 0.000000000000000000e+00
0.000000000000000000e+00 0.000000000000000000e+00 0.000000000000000000e+00 0.000000000000000000e+00 0.000000000000000000e+00
0.000000000000000000e+00 0.000000000000000000e+00 0.000000000000000000e+00 0.000000000000000000e+00 0.000000000000000000e+00
0.000000000000000000e+00 0.000000000000000000e+00 0.000000000000000000e+00 0.000000000000000000e+00 0.000000000000000000e+00
0.000000000000000000e+00 0.000000000000000000e+00 0.000000000000000000e+00 0.000000000000000000e+00 0.000000000000000000e+00
5.768999999999999823e-03 0.000000000000000000e+00 0.000000000000000000e+00 0.000000000000000000e+00 0.000000000000000000e+00
1.000000000000000056e-01 0.000000000000000000e+00 0.000000000000000000e+00 0.000000000000000000e+00 0.000000000000000000e+00
2.603849999999999776e-01 0.000000000000000000e+00 0.000000000000000000e+00 0.000000000000000000e+00 0.000000000000000000e+00
4.276920000000000166e-01 0.000000000000000000e+00 0.000000000000000000e+00 0.000000000000000000e+00 0.000000000000000000e+00
5.688459999999999628e-01 0.000000000000000000e+00 0.000000000000000000e+00 0.000000000000000000e+00 0.000000000000000000e+00
7.046149999999999913e-01 0.000000000000000000e+00 1.052999999999999900e-03 0.000000000000000000e+00 0.000000000000000000e+00
8.284620000000000317e-01 0.000000000000000000e+00 2.342100000000000085e-02 0.000000000000000000e+00 0.000000000000000000e+00
9.392310000000000381e-01 0.000000000000000000e+00 7.552599999999999592e-02 0.000000000000000000e+00 1.794999999999999938e-03
9.880769999999999831e-01 0.000000000000000000e+00 1.771050000000000124e-01 0.000000000000000000e+00 1.461499999999999952e-02
9.949999999999999956e-01 0.000000000000000000e+00 3.789469999999999783e-01 0.000000000000000000e+00 9.615400000000000336e-02
9.973079999999999723e-01 1.052600000000000063e-02 5.544740000000000224e-01 0.000000000000000000e+00 2.402559999999999973e-01
9.988460000000000116e-01 7.526299999999999657e-02 6.473680000000000545e-01 0.000000000000000000e+00 3.884619999999999740e-01
9.992309999999999803e-01 1.613159999999999872e-01 7.065789999999999571e-01 0.000000000000000000e+00 5.007690000000000197e-01
1.000000000000000000e+00 1.950000000000000067e-01 7.673680000000000501e-01 0.000000000000000000e+00 5.835900000000000531e-01
1.000000000000000000e+00 2.478950000000000042e-01 8.102629999999999555e-01 0.000000000000000000e+00 6.523079999999999989e-01
1.000000000000000000e+00 3.360529999999999906e-01 8.399999999999999689e-01 0.000000000000000000e+00 7.338459999999999983e-01
1.000000000000000000e+00 4.123680000000000123e-01 8.613159999999999705e-01 0.000000000000000000e+00 8.243589999999999529e-01
1.000000000000000000e+00 4.742109999999999936e-01 8.726319999999999633e-01 0.000000000000000000e+00 8.812820000000000098e-01
1.000000000000000000e+00 5.607889999999999819e-01 8.786840000000000206e-01 0.000000000000000000e+00 9.158969999999999612e-01
1.000000000000000000e+00 6.257890000000000397e-01 8.802630000000000177e-01 0.000000000000000000e+00 9.382049999999999557e-01
1.000000000000000000e+00 6.800000000000000488e-01 8.823680000000000412e-01 0.000000000000000000e+00 9.530769999999999520e-01
1.000000000000000000e+00 7.402630000000000043e-01 8.936840000000000339e-01 0.000000000000000000e+00 9.641030000000000433e-01
1.000000000000000000e+00 7.765790000000000193e-01 9.052630000000000399e-01 0.000000000000000000e+00 9.733330000000000037e-01
1.000000000000000000e+00 8.178950000000000387e-01 9.157889999999999642e-01 0.000000000000000000e+00 9.807690000000000019e-01
1.000000000000000000e+00 8.484209999999999807e-01 9.218420000000000503e-01 0.000000000000000000e+00 9.853849999999999554e-01
1.000000000000000000e+00 8.771050000000000235e-01 9.242110000000000047e-01 0.000000000000000000e+00 9.884619999999999518e-01
1.000000000000000000e+00 8.850000000000000089e-01 9.265790000000000415e-01 0.000000000000000000e+00 9.899999999999999911e-01
1.000000000000000000e+00 9.094740000000000046e-01 9.347370000000000401e-01 2.559999999999999884e-04 9.907690000000000108e-01
1.000000000000000000e+00 9.413160000000000416e-01 9.399999999999999467e-01 3.076999999999999874e-03 9.920510000000000161e-01
1.000000000000000000e+00 9.547369999999999468e-01 9.418419999999999570e-01 9.487000000000000641e-03 9.928209999999999535e-01
1.000000000000000000e+00 9.771050000000000013e-01 9.431580000000000519e-01 1.846199999999999924e-02 9.933330000000000215e-01
1.000000000000000000e+00 9.905260000000000176e-01 9.481579999999999453e-01 2.794900000000000162e-02 9.935899999999999732e-01
1.000000000000000000e+00 9.957890000000000352e-01 9.523679999999999923e-01 3.666699999999999821e-02 9.938460000000000072e-01
1.000000000000000000e+00 9.973680000000000323e-01 9.557889999999999997e-01 5.000000000000000278e-02 9.946150000000000269e-01
1.000000000000000000e+00 9.984210000000000029e-01 9.578950000000000520e-01 5.948699999999999821e-02 9.948719999999999786e-01
1.000000000000000000e+00 9.986840000000000162e-01 9.639469999999999983e-01 6.897399999999999365e-02 9.958970000000000322e-01
1.000000000000000000e+00 9.992109999999999603e-01 9.692110000000000447e-01 8.025599999999999401e-02 9.958970000000000322e-01
1.000000000000000000e+00 9.994739999999999736e-01 9.736839999999999939e-01 8.846199999999999897e-02 9.964100000000000179e-01
1.000000000000000000e+00 9.994739999999999736e-01 9.765789999999999749e-01 9.666700000000000292e-02 9.964100000000000179e-01
1.000000000000000000e+00 9.994739999999999736e-01 9.784209999999999852e-01 1.053850000000000064e-01 9.974359999999999893e-01
1.000000000000000000e+00 9.997369999999999868e-01 9.794739999999999558e-01 1.115379999999999983e-01 9.982050000000000090e-01
1.000000000000000000e+00 1.000000000000000000e+00 9.799999999999999822e-01 1.194869999999999960e-01 9.984619999999999607e-01
1.000000000000000000e+00 1.000000000000000000e+00 9.799999999999999822e-01 1.251279999999999892e-01 9.984619999999999607e-01
1.000000000000000000e+00 1.000000000000000000e+00 9.799999999999999822e-01 1.320510000000000017e-01 9.987179999999999946e-01
1.000000000000000000e+00 1.000000000000000000e+00 9.799999999999999822e-01 1.392309999999999937e-01 9.987179999999999946e-01
1.000000000000000000e+00 1.000000000000000000e+00 9.799999999999999822e-01 1.458969999999999989e-01 9.987179999999999946e-01
1.000000000000000000e+00 1.000000000000000000e+00 9.799999999999999822e-01 1.523079999999999989e-01 9.989740000000000286e-01
1.000000000000000000e+00 1.000000000000000000e+00 9.799999999999999822e-01 1.589740000000000042e-01 9.989740000000000286e-01
1.000000000000000000e+00 1.000000000000000000e+00 9.802629999999999955e-01 1.656410000000000105e-01 9.992309999999999803e-01
1.000000000000000000e+00 1.000000000000000000e+00 9.821050000000000058e-01 1.735899999999999943e-01 9.994870000000000143e-01
1.000000000000000000e+00 1.000000000000000000e+00 9.842109999999999470e-01 1.817950000000000121e-01 9.994870000000000143e-01
1.000000000000000000e+00 1.000000000000000000e+00 9.881579999999999808e-01 1.905129999999999879e-01 9.994870000000000143e-01
1.000000000000000000e+00 1.000000000000000000e+00 9.897369999999999779e-01 2.007690000000000030e-01 9.994870000000000143e-01
1.000000000000000000e+00 1.000000000000000000e+00 9.899999999999999911e-01 2.112819999999999976e-01 9.994870000000000143e-01
1.000000000000000000e+00 1.000000000000000000e+00 9.899999999999999911e-01 2.215380000000000127e-01 9.994870000000000143e-01
1.000000000000000000e+00 1.000000000000000000e+00 9.899999999999999911e-01 2.341030000000000055e-01 9.997439999999999660e-01
1.000000000000000000e+00 1.000000000000000000e+00 9.899999999999999911e-01 2.510260000000000269e-01 9.997439999999999660e-01
1.000000000000000000e+00 1.000000000000000000e+00 9.902630000000000043e-01 2.643590000000000106e-01 9.997439999999999660e-01
1.000000000000000000e+00 1.000000000000000000e+00 9.913159999999999750e-01 2.782049999999999801e-01 9.997439999999999660e-01
1.000000000000000000e+00 1.000000000000000000e+00 9.949999999999999956e-01 2.915380000000000194e-01 9.997439999999999660e-01
1.000000000000000000e+00 1.000000000000000000e+00 9.984210000000000029e-01 3.041030000000000122e-01 9.997439999999999660e-01
1.000000000000000000e+00 1.000000000000000000e+00 1.000000000000000000e+00 3.176919999999999744e-01 9.997439999999999660e-01
1.000000000000000000e+00 1.000000000000000000e+00 1.000000000000000000e+00 3.330770000000000119e-01 9.997439999999999660e-01
1.000000000000000000e+00 1.000000000000000000e+00 1.000000000000000000e+00 3.487179999999999724e-01 9.997439999999999660e-01
1.000000000000000000e+00 1.000000000000000000e+00 1.000000000000000000e+00 3.664100000000000135e-01 1.000000000000000000e+00
1.000000000000000000e+00 1.000000000000000000e+00 1.000000000000000000e+00 3.838460000000000205e-01 1.000000000000000000e+00
1.000000000000000000e+00 1.000000000000000000e+00 1.000000000000000000e+00 4.000000000000000222e-01 1.000000000000000000e+00
1.000000000000000000e+00 1.000000000000000000e+00 1.000000000000000000e+00 4.141029999999999989e-01 1.000000000000000000e+00
1.000000000000000000e+00 1.000000000000000000e+00 1.000000000000000000e+00 4.351280000000000148e-01 1.000000000000000000e+00
1.000000000000000000e+00 1.000000000000000000e+00 1.000000000000000000e+00 4.541029999999999789e-01 1.000000000000000000e+00
1.000000000000000000e+00 1.000000000000000000e+00 1.000000000000000000e+00 4.812819999999999876e-01 1.000000000000000000e+00
1.000000000000000000e+00 1.000000000000000000e+00 1.000000000000000000e+00 5.053849999999999731e-01 1.000000000000000000e+00
1.000000000000000000e+00 1.000000000000000000e+00 1.000000000000000000e+00 5.335900000000000087e-01 1.000000000000000000e+00
1.000000000000000000e+00 1.000000000000000000e+00 1.000000000000000000e+00 5.689739999999999798e-01 1.000000000000000000e+00
1.000000000000000000e+00 1.000000000000000000e+00 1.000000000000000000e+00 6.130769999999999831e-01 1.000000000000000000e+00
1.000000000000000000e+00 1.000000000000000000e+00 1.000000000000000000e+00 6.643590000000000328e-01 1.000000000000000000e+00
1.000000000000000000e+00 1.000000000000000000e+00 1.000000000000000000e+00 7.143589999999999662e-01 1.000000000000000000e+00
1.000000000000000000e+00 1.000000000000000000e+00 1.000000000000000000e+00 7.605129999999999946e-01 1.000000000000000000e+00
1.000000000000000000e+00 1.000000000000000000e+00 1.000000000000000000e+00 8.120509999999999673e-01 1.000000000000000000e+00
1.000000000000000000e+00 1.000000000000000000e+00 1.000000000000000000e+00 8.589740000000000153e-01 1.000000000000000000e+00
1.000000000000000000e+00 1.000000000000000000e+00 1.000000000000000000e+00 8.943590000000000151e-01 1.000000000000000000e+00
1.000000000000000000e+00 1.000000000000000000e+00 1.000000000000000000e+00 9.202559999999999629e-01 1.000000000000000000e+00
1.000000000000000000e+00 1.000000000000000000e+00 1.000000000000000000e+00 9.448720000000000452e-01 1.000000000000000000e+00
1.000000000000000000e+00 1.000000000000000000e+00 1.000000000000000000e+00 9.658970000000000056e-01 1.000000000000000000e+00
1.000000000000000000e+00 1.000000000000000000e+00 1.000000000000000000e+00 9.805129999999999679e-01 1.000000000000000000e+00
1.000000000000000000e+00 1.000000000000000000e+00 1.000000000000000000e+00 9.876920000000000144e-01 1.000000000000000000e+00
1.000000000000000000e+00 1.000000000000000000e+00 1.000000000000000000e+00 9.938460000000000072e-01 1.000000000000000000e+00
1.000000000000000000e+00 1.000000000000000000e+00 1.000000000000000000e+00 9.969230000000000036e-01 1.000000000000000000e+00
1.000000000000000000e+00 1.000000000000000000e+00 1.000000000000000000e+00 9.994870000000000143e-01 1.000000000000000000e+00
1.000000000000000000e+00 1.000000000000000000e+00 1.000000000000000000e+00 1.000000000000000000e+00 1.000000000000000000e+00
1.000000000000000000e+00 1.000000000000000000e+00 1.000000000000000000e+00 1.000000000000000000e+00 1.000000000000000000e+00
1.000000000000000000e+00 1.000000000000000000e+00 1.000000000000000000e+00 1.000000000000000000e+00 1.000000000000000000e+00
1.000000000000000000e+00 1.000000000000000000e+00 1.000000000000000000e+00 1.000000000000000000e+00 1.000000000000000000e+00
1.000000000000000000e+00 1.000000000000000000e+00 1.000000000000000000e+00 1.000000000000000000e+00 1.000000000000000000e+00
