0.000000 
0.000000 
0.000000 
0.000000 
0.000000 
0.000000 
0.000000 
0.000000 
0.000000 
0.000000 
0.000000 
0.000000 
0.000000 
0.000000 
0.000000 
0.000000 
0.000000 
0.000000 
0.000000 
0.000000 
0.000000 
0.000000 
0.000000 
0.000000 
0.000000 
0.000000 
0.000000 
0.000000 
0.000000 
0.000000 
0.000000 
0.000000 
0.000000 
0.000000 
0.000256 
0.003077 
0.009487 
0.018462 
0.027949 
0.036667 
0.050000 
0.059487 
0.068974 
0.080256 
0.088462 
0.096667 
0.105385 
0.111538 
0.119487 
0.125128 
0.132051 
0.139231 
0.145897 
0.152308 
0.158974 
0.165641 
0.173590 
0.181795 
0.190513 
0.200769 
0.211282 
0.221538 
0.234103 
0.251026 
0.264359 
0.278205 
0.291538 
0.304103 
0.317692 
0.333077 
0.348718 
0.366410 
0.383846 
0.400000 
0.414103 
0.435128 
0.454103 
0.481282 
0.505385 
0.533590 
0.568974 
0.613077 
0.664359 
0.714359 
0.760513 
0.812051 
0.858974 
0.894359 
0.920256 
0.944872 
0.965897 
0.980513 
0.987692 
0.993846 
0.996923 
0.999487 
1.000000 
1.000000 
1.000000 
1.000000 
1.000000 
