0.000000 
0.000000 
0.000000 
0.000000 
0.000000 
0.000000 
0.000000 
0.000000 
0.000000 
0.000000 
0.000000 
0.000000 
0.001053 
0.023421 
0.075526 
0.177105 
0.378947 
0.554474 
0.647368 
0.706579 
0.767368 
0.810263 
0.840000 
0.861316 
0.872632 
0.878684 
0.880263 
0.882368 
0.893684 
0.905263 
0.915789 
0.921842 
0.924211 
0.926579 
0.934737 
0.940000 
0.941842 
0.943158 
0.948158 
0.952368 
0.955789 
0.957895 
0.963947 
0.969211 
0.973684 
0.976579 
0.978421 
0.979474 
0.980000 
0.980000 
0.980000 
0.980000 
0.980000 
0.980000 
0.980000 
0.980263 
0.982105 
0.984211 
0.988158 
0.989737 
0.990000 
0.990000 
0.990000 
0.990000 
0.990263 
0.991316 
0.995000 
0.998421 
1.000000 
1.000000 
1.000000 
1.000000 
1.000000 
1.000000 
1.000000 
1.000000 
1.000000 
1.000000 
1.000000 
1.000000 
1.000000 
1.000000 
1.000000 
1.000000 
1.000000 
1.000000 
1.000000 
1.000000 
1.000000 
1.000000 
1.000000 
1.000000 
1.000000 
1.000000 
1.000000 
1.000000 
1.000000 
1.000000 
1.000000 
1.000000 
1.000000 
