0.000000 
0.599737 
0.835000 
0.883158 
0.927632 
0.947632 
0.982105 
0.991316 
1.000000 
1.000000 
1.000000 
1.000000 
1.000000 
1.000000 
1.000000 
1.000000 
1.000000 
1.000000 
1.000000 
1.000000 
1.000000 
1.000000 
1.000000 
1.000000 
1.000000 
1.000000 
1.000000 
1.000000 
1.000000 
1.000000 
1.000000 
1.000000 
1.000000 
1.000000 
1.000000 
1.000000 
1.000000 
1.000000 
1.000000 
1.000000 
1.000000 
1.000000 
1.000000 
1.000000 
1.000000 
1.000000 
1.000000 
1.000000 
1.000000 
1.000000 
1.000000 
1.000000 
1.000000 
1.000000 
1.000000 
1.000000 
1.000000 
1.000000 
1.000000 
1.000000 
1.000000 
1.000000 
1.000000 
1.000000 
1.000000 
1.000000 
1.000000 
1.000000 
1.000000 
1.000000 
1.000000 
1.000000 
1.000000 
1.000000 
1.000000 
1.000000 
1.000000 
1.000000 
1.000000 
1.000000 
1.000000 
1.000000 
1.000000 
1.000000 
1.000000 
1.000000 
1.000000 
1.000000 
1.000000 
1.000000 
1.000000 
1.000000 
1.000000 
1.000000 
1.000000 
1.000000 
1.000000 
1.000000 
1.000000 
1.000000 
1.000000 
